2.696971494501289590e-01 1.149252687718359534e-01 3.709937102266283038e-01
2.764134276865913287e-01 1.153203711545516263e-01 3.759246248525827672e-01
2.831659184644286786e-01 1.156195098162883100e-01 3.807689443055415346e-01
2.899529358618940234e-01 1.158219018922018034e-01 3.855260843291483663e-01
2.967728255190176800e-01 1.159266598021001377e-01 3.901955023900421926e-01
3.036239670030408955e-01 1.159327797738492205e-01 3.947766989517862979e-01
3.105047758158037130e-01 1.158391290579535021e-01 3.992692185172087016e-01
3.174137050699761264e-01 1.156444316427734931e-01 4.036726504516316982e-01
3.243492468600763234e-01 1.153472522390199262e-01 4.079866295994570846e-01
3.313099333532950053e-01 1.149459782524171331e-01 4.122108367064741818e-01
3.382943376239917477e-01 1.144387994025514305e-01 4.163449986601439612e-01
3.453010742546455125e-01 1.138236845705376393e-01 4.203888885599469383e-01
3.523287997248377157e-01 1.130983553642995465e-01 4.243423256296489643e-01
3.593762126086251785e-01 1.122602557723151734e-01 4.282051749831343179e-01
3.664420535995187578e-01 1.113065171272296372e-01 4.319773472551064475e-01
3.735251053810284549e-01 1.102339174098818375e-01 4.356587981076917027e-01
3.806241923595715670e-01 1.090388336781681761e-01 4.392495276236210722e-01
3.877381802754107376e-01 1.077171860848648716e-01 4.427495795962901326e-01
3.948659757061613318e-01 1.062643715275493617e-01 4.461590407265926261e-01
4.020065254763255935e-01 1.046751844144618721e-01 4.494780397360672031e-01
4.091588159852736495e-01 1.029437212786005473e-01 4.527067464054302937e-01
4.163218724651187586e-01 1.010632649498682950e-01 4.558453705471709472e-01
4.234947581790105553e-01 9.902614258540508307e-02 4.588941609204229555e-01
4.306765735693928732e-01 9.682354988638192106e-02 4.618534040959757503e-01
4.378664553650819524e-01 9.444533102659226353e-02 4.647234232787133545e-01
4.450635756550884170e-01 9.187969976462700972e-02 4.675045770944816215e-01
4.522671409364425466e-01 8.911288123386090776e-02 4.701972583478747358e-01
4.594763911425649439e-01 8.612864489942180513e-02 4.728018927570457053e-01
4.666905986580808241e-01 8.290768527525936571e-02 4.753189376712216307e-01
4.739090673253903430e-01 7.942678496334611149e-02 4.777488807761996470e-01
4.811311314476776069e-01 7.565765855910124016e-02 4.800922387927741286e-01
4.876615989553455544e-01 7.421277585320784631e-02 4.814650174384983439e-01
4.935502968643091237e-01 7.513744515439686744e-02 4.819018498607391399e-01
4.994422404541106753e-01 7.605361182910304330e-02 4.822147727491618574e-01
5.053372175256003462e-01 7.696126503400929630e-02 4.824034470417781773e-01
5.112350073831564146e-01 7.786039569788061332e-02 4.824675257410107054e-01
5.171353809815562030e-01 7.875099668691873389e-02 4.824066542733567720e-01
5.230381010756426363e-01 7.963306293091299004e-02 4.822204708619622360e-01
5.289429223731635377e-01 8.050659151088547516e-02 4.819086069128333261e-01
5.348495916911124581e-01 8.137158170893993292e-02 4.814706874154069394e-01
5.407578481158967776e-01 8.222803502096288908e-02 4.809063313581978805e-01
5.466674231675971996e-01 8.307595513291299305e-02 4.802151521602332496e-01
5.525780409685996375e-01 8.391534786137905266e-02 4.793967581188922078e-01
5.584894184167615849e-01 8.474622105912958669e-02 4.784507528751303362e-01
5.644012653633552201e-01 8.556858448646381676e-02 4.773767358964626784e-01
5.703132847959077045e-01 8.638244964910675450e-02 4.761743029787230963e-01
5.762251730260518068e-01 8.718782960353890776e-02 4.748430467672688504e-01
5.821366198824819982e-01 8.798473873061560258e-02 4.733825572984647900e-01
5.880473089090466621e-01 8.877319247847420547e-02 4.717924225623008061e-01
5.939569175679805246e-01 8.955320707570856020e-02 4.700722290870552045e-01
5.998651174482382276e-01 9.032479921592781458e-02 4.682215625470038667e-01
6.057715744788436663e-01 9.108798571486156903e-02 4.662400083942327411e-01
6.116759491471202015e-01 9.184278314125177145e-02 4.641271525157535383e-01
6.175778967216236648e-01 9.258920742288621886e-02 4.618825819172204250e-01
6.234770674795392376e-01 9.332727342917969404e-02 4.595058854347202071e-01
6.293731069382418886e-01 9.405699453185580039e-02 4.569966544762945060e-01
6.352656560906776440e-01 9.477838214530800998e-02 4.543544837950820869e-01
6.411543516441410295e-01 9.549144524841285397e-02 4.515789722960962260e-01
6.470388262619247710e-01 9.619618988954957428e-02 4.486697238794292719e-01
6.529187088073135081e-01 9.689261867682276430e-02 4.456263483222640542e-01
6.587936245892351828e-01 9.758073025544593271e-02 4.424484622033033610e-01
6.646631956088228099e-01 9.826051877444184901e-02 4.391356898732924341e-01
6.705270408060363119e-01 9.893197334487933980e-02 4.356876644760684925e-01
6.763847763053851825e-01 9.959507749193613479e-02 4.321040290253119198e-01
6.822360156596615210e-01 1.002498086032279495e-01 4.283844375430073681e-01
6.880803700904465359e-01 1.008961373758556351e-01 4.245285562668634216e-01
6.939174487240948874e-01 1.015340272647920622e-01 4.205360649344565549e-01
6.997468588215172147e-01 1.021634339351867038e-01 4.164066581548960810e-01
7.055682060002401723e-01 1.027843047213959776e-01 4.121400468781144522e-01
7.113810944466123498e-01 1.033965780954021335e-01 4.077359599769034837e-01
7.171851271162096308e-01 1.040001831476072419e-01 4.031941459561255714e-01
7.229799059198432909e-01 1.045950390827063703e-01 3.985143748096881544e-01
7.287650318926698345e-01 1.051810547337491547e-01 3.936964400461117064e-01
7.345401053432063510e-01 1.057581280971912063e-01 3.887401609110189282e-01
7.403047259790648260e-01 1.063261458920848612e-01 3.836453848365923291e-01
7.460584930054598995e-01 1.068849831462759109e-01 3.784119901574676814e-01
7.518010051924374215e-01 1.074345028128216722e-01 3.730398891364166136e-01
7.575318609059187303e-01 1.079745554195650908e-01 3.675290313554557264e-01
7.632506580974390831e-01 1.085049787550971256e-01 3.618794075351716155e-01
7.689569942464762331e-01 1.090255975941376992e-01 3.560910538615469911e-01
7.746504662489002158e-01 1.095362234656579031e-01 3.501640569117398516e-01
7.803306702439606335e-01 1.100366544668640034e-01 3.440985592930628223e-01
7.859972013717138051e-01 1.105266751264873254e-01 3.378947661293283944e-01
7.916496534515345962e-01 1.110060563207581341e-01 3.315529525606856209e-01
7.972876185715875863e-01 1.114745552456443550e-01 3.250734724564932066e-01
8.029106865780366586e-01 1.119319154491558305e-01 3.184567685843551765e-01
8.085184444515348678e-01 1.123778669276070813e-01 3.117033845345104637e-01
8.141104755577404095e-01 1.128121262901762567e-01 3.048139787623395658e-01
8.196863587572978949e-01 1.132343969962360530e-01 2.977893411987659333e-01
8.252456673602206472e-01 1.136443696705496664e-01 2.906304129782726897e-01
8.307879679087998293e-01 1.140417225016215341e-01 2.833383099680250039e-01
8.363128187734623076e-01 1.144261217293071481e-01 2.759143509405745931e-01
8.418197685465219626e-01 1.147972222280504717e-01 2.683600914415402716e-01
8.473083542210158026e-01 1.151546681930574745e-01 2.606773646581608261e-01
8.527780991452456050e-01 1.154980939369435050e-01 2.528683309255681522e-01
8.582285107499848520e-01 1.158271248053256985e-01 2.449355379178844994e-01
8.636590780544805002e-01 1.161413782198860573e-01 2.368819941016444552e-01
8.690692689715983077e-01 1.164404648578481888e-01 2.287112586944958226e-01
8.744585274521802232e-01 1.167239899763641564e-01 2.204275522285814304e-01
8.798262705366857173e-01 1.169915548895288510e-01 2.120358929023432870e-01
8.851718854199825959e-01 1.172427586040768605e-01 2.035422652880646555e-01
8.904947266851762633e-01 1.174771996168833543e-01 1.949538297224576722e-01
8.957941139273709608e-01 1.176944778734727581e-01 1.862791829262936127e-01
9.010693300692311780e-01 1.178941968810574281e-01 1.775286831898262307e-01
9.063196207687502781e-01 1.180759659629887492e-01 1.687148569004502385e-01
9.115441954329928098e-01 1.182394026338999676e-01 1.598529073469429074e-01
9.167422304750136863e-01 1.183841350681947013e-01 1.509613515279483176e-01
9.219128755724655955e-01 1.185098046308931535e-01 1.420628157991579155e-01
9.270552637873223922e-01 1.186160684437507773e-01 1.331850256761658025e-01
9.321685264582746377e-01 1.187026019764607226e-01 1.243620269039026338e-01
9.372518137460916776e-01 1.187691016908644093e-01 1.156356697000798101e-01
9.423043215588348120e-01 1.188152878341029034e-01 1.070573676210418851e-01
9.473253252789407552e-01 1.188409075844024110e-01 9.869009181237921313e-02
9.523142202535110901e-01 1.188457389082772792e-01 9.061045561251723779e-02
9.572713862934285611e-01 1.188299531607123066e-01 8.287824803571612609e-02
9.622169735530966550e-01 1.188023157305327787e-01 7.472656460454983607e-02
9.663528129537466427e-01 1.216233591658251179e-01 7.172647213026848989e-02
9.701433603032684205e-01 1.255698327025973893e-01 7.115015273967684184e-02
9.738282726183415949e-01 1.298463015872689252e-01 7.050496630789220009e-02
9.773536581133420720e-01 1.346416341425864527e-01 6.975898279104396360e-02
9.807135917087531629e-01 1.399330694183257284e-01 6.890416580683079995e-02
9.839026971594095894e-01 1.456929623773904059e-01 6.793183893751328362e-02
9.869161392773353469e-01 1.518903395008167900e-01 6.683254434150651124e-02
9.897496187747674146e-01 1.584922814025211957e-01 6.559587397754053362e-02
9.923993681068962180e-01 1.654650807623717079e-01 6.421026327307553794e-02
9.948621471715746178e-01 1.727751594612843000e-01 6.266273355493177932e-02
9.971352380593478948e-01 1.803897552678035698e-01 6.093856421561957143e-02
9.992164382922180677e-01 1.882774047985019961e-01 5.902086741989966134e-02
1.000000000000000000e+00 1.992161374443667532e-01 6.033864310071665460e-02
9.993861523237298483e-01 2.129585080793827134e-01 6.466793224746197888e-02
9.984557383130838737e-01 2.265945084722044423e-01 6.853262325409222033e-02
9.972198785125500065e-01 2.400978074787273597e-01 7.207394893663110480e-02
9.956888809725462641e-01 2.534449404636766601e-01 7.552094407421340583e-02
9.938781130642865280e-01 2.666183274781326329e-01 7.886876598119861581e-02
9.918035415642607600e-01 2.796033950862062967e-01 8.211572784011177129e-02
9.894815531276974774e-01 2.923882426337767737e-01 8.526072529353209695e-02
9.869287490606278856e-01 3.049633316445928832e-01 8.830327812702445933e-02
9.841617633105900209e-01 3.173212145841070031e-01 9.124354191273907622e-02
9.811971037403954821e-01 3.294562946709952422e-01 9.408229693067668431e-02
9.780510161922990608e-01 3.413646109215565660e-01 9.682092050408047657e-02
9.747393703927309527e-01 3.530436443488714215e-01 9.946134779986841312e-02
9.712775663900369283e-01 3.644921424315599734e-01 1.020060251667314760e-01
9.676804599652301109e-01 3.757099597628317245e-01 1.044578592277338736e-01
9.639623052910798462e-01 3.866979133207418817e-01 1.068201642065770840e-01
9.601367130354224733e-01 3.974576511369454779e-01 1.090966093493578315e-01
9.562166220885578438e-01 4.079915333571940694e-01 1.112911677922661241e-01
9.522142831368620719e-01 4.183025248147069775e-01 1.134080678152453309e-01
9.481412523823212757e-01 4.283940983203969877e-01 1.154517470925101180e-01
9.440083938182208811e-01 4.382701479208945261e-01 1.174268102974069389e-01
9.398258885990135036e-01 4.479349114074056559e-01 1.193379902254764202e-01
9.356032501789232070e-01 4.573929013842033542e-01 1.211901124546372055e-01
9.313493440382992761e-01 4.666488442244320911e-01 1.229880634603989636e-01
9.270724109541128577e-01 4.757076262663169075e-01 1.247367620306838870e-01
9.227800929079987835e-01 4.845742466253792347e-01 1.264411337808326041e-01
9.184794608498775270e-01 4.932537760278229988e-01 1.281060885411102468e-01
9.141770436551761581e-01 5.017513210977302407e-01 1.297365003797990302e-01
9.098788577173692049e-01 5.100719935655780857e-01 1.313371900216950550e-01
9.055904367153480017e-01 5.182208838973693110e-01 1.329129094307562320e-01
9.013168611776065653e-01 5.262030388802134695e-01 1.344683283360223747e-01
8.970627875423908826e-01 5.340234427325731836e-01 1.360080224984529518e-01
8.928324764745174669e-01 5.416870013442877108e-01 1.375364635315845518e-01
8.886298202571766280e-01 5.491985292832065602e-01 1.390580101098503329e-01
8.844583691218813604e-01 5.565627392394084660e-01 1.405769004151967705e-01
8.803213564223514309e-01 5.637842336065514992e-01 1.420972456937266148e-01
8.762217225884295635e-01 5.708674979311766373e-01 1.436230248088390671e-01
8.721621378250058454e-01 5.778168959867722165e-01 1.451580796948603314e-01
8.681450235433711971e-01 5.846366662547023418e-01 1.467061116297612711e-01
8.641725725286346638e-01 5.913309196186036232e-01 1.482706782568445625e-01
8.602467678639678095e-01 5.979036380983067112e-01 1.498551912992092672e-01
8.563694006406017412e-01 6.043586744708874248e-01 1.514629149175084621e-01
8.525420864930990383e-01 6.106997526427352385e-01 1.530969646715183985e-01
8.487662810034819483e-01 6.169304686539819338e-01 1.547603070500960243e-01
8.450432940247804003e-01 6.230542922093992297e-01 1.564557595417690183e-01
8.413743029746857394e-01 6.290745686446015394e-01 1.581859912187803530e-01
8.377603651536000839e-01 6.349945212467359434e-01 1.599535238119178804e-01
8.342024291398708602e-01 6.408172538604722801e-01 1.617607332524542973e-01
8.307013453173699435e-01 6.465457537177832226e-01 1.636098516607366882e-01
8.272578755871712319e-01 6.521828944397450867e-01 1.655029697578748182e-01
8.238727023151279916e-01 6.577314391649722314e-01 1.674420396776159503e-01
8.205464365655134040e-01 6.631940437657338761e-01 1.694288781542917233e-01
8.172796256673831028e-01 6.685732601192638791e-01 1.714651700596065420e-01
8.140727601607894437e-01 6.738715394053096386e-01 1.735524722621965277e-01
8.109262801650158892e-01 6.790912354067989432e-01 1.756922177795426365e-01
8.078405812107936068e-01 6.842346077931705794e-01 1.778857201925020948e-01
8.048160195740686751e-01 6.893038253703211993e-01 1.801341782894087251e-01
8.018529171491305396e-01 6.943009692826733747e-01 1.824386809085309369e-01
7.989515658941466203e-01 6.992280361567045910e-01 1.848002119442910818e-01
7.961122318818407706e-01 7.040869411764432151e-01 1.872196554846342065e-01
7.933351589840506035e-01 7.088795210842897543e-01 1.896978010449406615e-01
7.906205722192879426e-01 7.136075371009157342e-01 1.922353488672013666e-01
7.879686807880670329e-01 7.182726777605852320e-01 1.948329152513209594e-01
7.853796808207689217e-01 7.228765616585380860e-01 1.974910378888672657e-01
7.828537578592935642e-01 7.274207401089194391e-01 2.002101811690069066e-01
7.803910890943784873e-01 7.319066997115420969e-01 2.029907414309380098e-01
7.779918453767800113e-01 7.363358648275102336e-01 2.058330521365601407e-01
7.756561930202127142e-01 7.407095999637837158e-01 2.087373889408616345e-01
7.733842954127616576e-01 7.450292120672266094e-01 2.117039746398269029e-01
7.711763144508605450e-01 7.492959527297052835e-01 2.147329839766897730e-01
7.690324118110791751e-01 7.535110203051136324e-01 2.178245482922763210e-01
7.669527500714591328e-01 7.576755619405571851e-01 2.209787600050850953e-01
7.649374936951629511e-01 7.617906755232675131e-01 2.241956769110795000e-01
7.627808084821859902e-01 7.657687259406016356e-01 2.328859149132643247e-01
7.606420128256629054e-01 7.696930618629752585e-01 2.421437217148942056e-01
7.585490203339195769e-01 7.735761405448007277e-01 2.512509481126620758e-01
7.565035143184623001e-01 7.774182188324906262e-01 2.602228901302212072e-01
7.545071557483329361e-01 7.812195560625211366e-01 2.690726474078480313e-01
7.525615821985286447e-01 7.849804137707031559e-01 2.778115164109759561e-01
7.506684068322563297e-01 7.887010553912598976e-01 2.864492988845086519e-01
7.488292174193231787e-01 7.923817459468195379e-01 2.949945467224843743e-01
7.470455753911223740e-01 7.960227517310098921e-01 3.034547584651491881e-01
7.453190149349341320e-01 7.996243399844764621e-01 3.118365385272091062e-01
7.436510421280081440e-01 8.031867785658504122e-01 3.201457273801581738e-01
7.420431341130764302e-01 8.067103356187119712e-01 3.283875088573980916e-01
7.404967383169535067e-01 8.101952792355083810e-01 3.365664992656696719e-01
7.390132717124978656e-01 8.136418771197838629e-01 3.446868218983900611e-01
7.375941201264157865e-01 8.170503962472385195e-01 3.527521697385413435e-01
7.362406375929766433e-01 8.204211025268842716e-01 3.607658585337433776e-01
7.349541457554731316e-01 8.237542604628800280e-01 3.687308719665603474e-01
7.337359333153816721e-01 8.270501328181635303e-01 3.766499002920717931e-01
7.325872555313434065e-01 8.303089802802211539e-01 3.845253735426866770e-01
7.315093337677074370e-01 8.335310611300017491e-01 3.923594901893122655e-01
7.305033550940893683e-01 8.367166309143734271e-01 4.001542419814644869e-01
7.295704719355297074e-01 8.398659421229960342e-01 4.079114355580495954e-01
7.287118017748377419e-01 8.429792438698024970e-01 4.156327113153244213e-01
7.279284269065943169e-01 8.460567815798210045e-01 4.233195599352302940e-01
7.272213942432239620e-01 8.490987966817259425e-01 4.309733369093136646e-01
7.265917151735037383e-01 8.521055263064022389e-01 4.385952753384991243e-01
7.260403654724629785e-01 8.550772029921798190e-01 4.461864972444843369e-01
7.255682852636470281e-01 8.580140543966765510e-01 4.537480235912364490e-01
7.251763790322550696e-01 8.609163030158561991e-01 4.612807831852603901e-01
7.248655156893628604e-01 8.637841659103201453e-01 4.687856205978374602e-01
7.246365286855418475e-01 8.666178544393268179e-01 4.762633032318679960e-01
7.244902161740096602e-01 8.694175740024054910e-01 4.837145276380272474e-01
7.244273412214197183e-01 8.721835237889780101e-01 4.911399251707797564e-01
7.244486320655992850e-01 8.749158965359445927e-01 4.985400670620243613e-01
7.245547824180510466e-01 8.776148782935674353e-01 5.059154689801180771e-01
7.247464518106021547e-01 8.802806481994637222e-01 5.132665951326498277e-01
7.250242659837247139e-01 8.829133782609779324e-01 5.205938619642657139e-01
7.253888173151304963e-01 8.855132331458427375e-01 5.278976414940341755e-01
7.258406652859253905e-01 8.880803699813527574e-01 5.351782643316433941e-01
7.263803369830886814e-01 8.906149381617951555e-01 5.424360224065297720e-01
7.270083276352259372e-01 8.931170791643437967e-01 5.496711714403631488e-01
7.277251011794716451e-01 8.955869263733337027e-01 5.568839331894924749e-01
7.285310908572444344e-01 8.980246049128148833e-01 5.640744974809298595e-01
7.294266998355121157e-01 9.004302314875624047e-01 5.712430240629421396e-01
7.304123018518863253e-01 9.028039142322136223e-01 5.783896442886258260e-01
7.314882418799363295e-01 9.051457525687197636e-01 5.855144626492017057e-01
7.326548368125835875e-01 9.074558370718652789e-01 5.926175581716490726e-01
7.339123761598971285e-01 9.097342493430311539e-01 5.996989856940451169e-01
7.352611227594070265e-01 9.119810618918519074e-01 6.067587770302222960e-01
7.367013134952947739e-01 9.141963380259181537e-01 6.137969420344868698e-01
7.382331600240825686e-01 9.163801317483123432e-01 6.208134695758124044e-01
7.398568495034187897e-01 9.185324876630625024e-01 6.278083284302264921e-01
7.415725453217879570e-01 9.206534408882600662e-01 6.347814680989131153e-01
7.433803878259060971e-01 9.227430169769124113e-01 6.417328195591743834e-01
7.452804950435346631e-01 9.248012318453230352e-01 6.486622959543989486e-01
