1.401800176543393193e-02 1.244097656682352643e-01 2.663420335432639674e-01
1.844520800206860683e-02 1.337166097707797041e-01 2.818085884482163794e-01
2.317062426022222302e-02 1.428613831253295330e-01 2.971326047586753671e-01
2.817673914056374046e-02 1.518575040962482359e-01 3.123236498436457453e-01
3.344745136719656092e-02 1.607164656191615859e-01 3.273902939402841827e-01
3.893812975300363355e-02 1.694482166995989747e-01 3.423402346322644285e-01
4.427591441018309537e-02 1.780614497198779733e-01 3.571804072305865829e-01
4.941130560344988293e-02 1.865638209102693235e-01 3.719170808403739481e-01
5.436795388476623608e-02 1.949621223293171723e-01 3.865559412084537683e-01
5.916457663568484154e-02 2.032624179708997225e-01 4.011021618915086573e-01
6.381632474151498202e-02 2.114701528717483070e-01 4.155604653369611157e-01
6.833569623447093011e-02 2.195902415844863120e-01 4.299351753544659038e-01
7.273316752206859803e-02 2.276271406628252725e-01 4.442302622822020819e-01
7.701764196426449938e-02 2.355849086050785246e-01 4.584493819688433280e-01
8.119677653170415121e-02 2.434672558485051208e-01 4.725959095207779015e-01
8.527722481986674263e-02 2.512775867902081184e-01 4.866729686128811738e-01
8.926482127918183851e-02 2.590190353581067195e-01 5.006834570315158439e-01
9.316472324181949982e-02 2.666944953195601320e-01 5.146300690092261432e-01
9.698152206713729628e-02 2.743066462625659563e-01 5.285153148193910688e-01
1.007193313009897978e-01 2.818579759923336980e-01 5.423415380233745919e-01
1.043818574597595444e-01 2.893507999383855833e-01 5.561109306999285629e-01
1.079724574951724664e-01 2.967872780528218457e-01 5.698255469345763213e-01
1.114941859181831640e-01 3.041694295907290679e-01 5.834873148035747414e-01
1.149498337999830533e-01 3.114991460929733558e-01 5.970980470512209370e-01
1.183419613237739476e-01 3.187782028353433050e-01 6.106594506294247271e-01
1.216729251652952370e-01 3.260082689629448804e-01 6.241731352435817559e-01
1.249449016890428199e-01 3.331909164923712585e-01 6.376406210279409459e-01
1.281599067299191985e-01 3.403276283346882147e-01 6.510633454561662870e-01
1.313198125667085492e-01 3.474198054681468806e-01 6.644426695780587533e-01
1.344263625691073383e-01 3.544687733697698961e-01 6.777798836609792987e-01
1.374811839043241501e-01 3.614757877985943502e-01 6.910762123039612126e-01
1.404857986148923266e-01 3.684420400098101789e-01 7.043328190835633773e-01
1.434416333211621930e-01 3.753686614677171907e-01 7.175508107828635351e-01
1.463500277559930951e-01 3.822567281159601760e-01 7.307312412484942010e-01
1.492122423027271161e-01 3.891072642555098993e-01 7.438751149150062414e-01
1.520294646781862324e-01 3.959212460741625139e-01 7.569833900310580788e-01
1.548028158789065134e-01 4.026996048655918092e-01 7.700569816177771365e-01
1.575333554897514754e-01 4.094432299711328604e-01 7.830967641860498984e-01
1.602220864383583909e-01 4.161529714733367968e-01 7.961035742364095391e-01
1.628744634950064774e-01 4.228291390430661267e-01 8.090777655894610954e-01
1.654889074545131122e-01 4.294727921809661231e-01 8.220203545958056912e-01
1.680660880649054167e-01 4.360847000525033268e-01 8.349320970442904999e-01
1.706067383998645104e-01 4.426655895092461712e-01 8.478137084163566151e-01
1.731115584647191508e-01 4.492161579855933340e-01 8.606658754424554303e-01
1.755812172832004192e-01 4.557370751951804189e-01 8.734892577144067749e-01
1.780163548083712466e-01 4.622289847014094399e-01 8.862844891824351867e-01
1.804175836759571716e-01 4.686925053734612989e-01 8.990521795468441324e-01
1.827854908161729575e-01 4.751282327379265924e-01 9.117929155533041063e-01
1.851206389380163353e-01 4.815367402351748982e-01 9.245072621998052798e-01
1.874235678985694264e-01 4.879185803886024742e-01 9.371957638625746378e-01
1.896947959681756501e-01 4.942742858941354123e-01 9.498589453475281275e-01
1.919348210013099021e-01 5.006043706365850277e-01 9.624973128732280392e-01
1.941441215217982186e-01 5.069093306388390285e-01 9.751113549907390876e-01
2.001438499602326837e-01 5.142567803785632607e-01 9.803629781288761835e-01
2.080416030013772233e-01 5.219792552397803931e-01 9.823632580014626248e-01
2.162290774968752549e-01 5.296100429839661894e-01 9.842477596061397493e-01
2.246838620876303316e-01 5.371509484931265010e-01 9.860170943934006837e-01
2.333836374244808443e-01 5.446038376648345558e-01 9.876721535280593711e-01
2.423066540822631787e-01 5.519706140124484017e-01 9.892140722886564319e-01
2.514320571211801636e-01 5.592532007162219765e-01 9.906441991446520712e-01
2.607400929585286242e-01 5.664535266967105631e-01 9.919640684909190043e-01
2.702122275652891203e-01 5.735735157208173840e-01 9.931753763352410003e-01
2.798311992746492227e-01 5.806150778369885135e-01 9.942799584390813461e-01
2.895810245854662512e-01 5.875801026278987260e-01 9.952797705476759127e-01
2.994469712210063861e-01 5.944704539008345279e-01 9.961768704375081329e-01
3.094155093114274169e-01 6.012879655286031966e-01 9.969734015726695597e-01
3.194742488360357013e-01 6.080344382201761100e-01 9.976715782058754867e-01
3.296118693027397240e-01 6.147116370486690462e-01 9.982736717913447411e-01
3.398180459661317432e-01 6.213212896002381358e-01 9.987819985991218674e-01
3.500833756057165624e-01 6.278650846345162906e-01 9.991989084367567386e-01
3.603993039226005002e-01 6.343446711679893157e-01 9.995267743961505635e-01
3.707580558990450914e-01 6.407616579077883845e-01 9.997679835523126668e-01
3.811525699439186066e-01 6.471176129760561890e-01 9.999249285475614313e-01
3.915764362726514847e-01 6.534140638751365637e-01 1.000000000000000000e+00
4.020238397064079261e-01 6.596524976519717587e-01 9.999955796793575935e-01
4.124895068935844344e-01 6.658343612267317857e-01 9.999140343968653255e-01
4.229686578356200433e-01 6.719610618561508986e-01 9.997577105588431046e-01
4.334569615219142080e-01 6.780339677065823079e-01 9.995289293364306715e-01
4.439504954330457109e-01 6.840544085155592091e-01 9.992299824063614055e-01
4.544457086479896102e-01 6.900236763238575266e-01 9.988631282199945671e-01
4.649393882831440727e-01 6.959430262627283037e-01 9.984305887600675167e-01
4.754286289933085108e-01 7.018136773832971409e-01 9.979345467467408692e-01
4.859108052740732098e-01 7.076368135170510998e-01 9.973771432565888828e-01
4.963835463184091967e-01 7.134135841580540038e-01 9.967604757202268573e-01
5.068447131961950625e-01 7.191451053589233977e-01 9.960865962662200923e-01
5.172923781421762124e-01 7.248324606338959475e-01 9.953575103808659508e-01
5.277248057551011673e-01 7.304767018633234743e-01 9.945751758552888733e-01
5.381404359274727378e-01 7.360788501948999363e-01 9.937415019931401527e-01
5.485378683414809942e-01 7.416398969376871708e-01 9.928583490539225620e-01
5.589158483817177059e-01 7.471608044456993225e-01 9.919275279086859909e-01
5.692732543294221070e-01 7.526425069883907470e-01 9.909507998864470757e-01
5.796090857158677778e-01 7.580859116059034397e-01 9.899298767912818597e-01
5.899224527244817384e-01 7.634918989473433726e-01 9.888664210715002456e-01
6.002125665419775213e-01 7.688613240907535840e-01 9.877620461237424099e-01
6.104787305686791843e-01 7.741950173437508465e-01 9.866183167162154710e-01
6.207203324070444950e-01 7.794937850240627464e-01 9.854367495164930713e-01
6.309368365553701397e-01 7.847584102194544720e-01 9.842188137105838397e-01
6.411277777409321033e-01 7.899896535266962561e-01 9.829659317010366326e-01
6.512927548332351213e-01 7.951882537694224817e-01 9.816794798729393534e-01
6.614314252839299524e-01 8.003549286948405950e-01 9.803607894176684656e-01
6.715435000451310810e-01 8.054903756493886346e-01 9.790111472051326036e-01
6.816287389226211024e-01 8.105952722335241223e-01 9.776317966961493022e-01
6.916869463246358984e-01 8.156702769359013283e-01 9.762239388873793500e-01
7.017179673706919196e-01 8.207160297472757549e-01 9.747887332819652473e-01
7.117216843283740157e-01 8.257331527545039851e-01 9.733272988797421199e-01
7.216980133489701021e-01 8.307222507150772151e-01 9.718407151814840716e-01
7.316469014757347455e-01 8.356839116126147937e-01 9.703300232022457061e-01
7.415683239008793448e-01 8.406187071938258093e-01 9.687962264894035558e-01
7.514622814497008418e-01 8.455271934874096784e-01 9.672402921414685606e-01
7.613287982722989344e-01 8.504099113054081061e-01 9.656631518242113632e-01
7.711679197249977635e-01 8.552673867275299990e-01 9.640657027810454194e-01
7.809797104253884958e-01 8.601001315689502658e-01 9.624488088349827386e-01
7.907642524662519268e-01 8.649086438321075265e-01 9.608133013798264566e-01
8.005216437749843594e-01 8.696934081430112151e-01 9.591599803585705297e-01
8.102519966063639334e-01 8.744548961725603364e-01 9.574896152272667216e-01
8.199554361576001371e-01 8.791935670433683736e-01 9.558029459028581920e-01
8.296320992954268059e-01 8.839098677226138179e-01 9.541006836937231395e-01
8.392821333862287014e-01 8.886042334013317667e-01 9.523835122118883278e-01
8.489056952205270568e-01 8.932770878606982601e-01 9.506520882660255412e-01
8.585029500243469558e-01 8.979288438256916027e-01 9.489070427345593917e-01
8.680740705503005028e-01 9.025599033066137311e-01 9.471489814183327027e-01
8.776192362420200954e-01 9.071706579288943972e-01 9.453784858724106899e-01
8.871386324660174294e-01 9.117614892515941705e-01 9.435961142167589299e-01
8.966324498056181813e-01 9.163327690750115995e-01 9.418024019255878398e-01
9.061008834120156674e-01 9.208848597377851108e-01 9.399978625952966071e-01
9.155441324078760212e-01 9.254181144038884366e-01 9.381829886910075800e-01
9.249623993394575638e-01 9.299328773398475301e-01 9.363582522717568413e-01
9.343558896733030750e-01 9.344294841825684372e-01 9.345241056944859626e-01
9.345137125293729863e-01 9.343663889533309064e-01 9.345345803428866116e-01
9.356797265317307044e-01 9.256332427665776574e-01 9.370613682987153359e-01
9.368161918078560246e-01 9.168538163266169994e-01 9.395618371946757863e-01
9.379222160284954590e-01 9.080273490460515351e-01 9.420347905658068566e-01
9.389968595789041084e-01 8.991530733717441048e-01 9.444789799929043106e-01
9.400391336439014589e-01 8.902302154196212181e-01 9.468931036422517655e-01
9.410479982340982374e-01 8.812579956804693637e-01 9.492758048047446051e-01
9.420223601544752690e-01 8.722356298014694032e-01 9.516256704395087418e-01
9.429610709169261584e-01 8.631623294484050968e-01 9.539412297276594899e-01
9.438629245989711425e-01 8.540373032535747422e-01 9.562209526424950701e-01
9.447266556513611580e-01 8.448597578545987696e-01 9.584632485430094606e-01
9.455509366581260622e-01 8.356288990293196939e-01 9.606664647983391703e-01
9.463343760532072491e-01 8.263439329320966253e-01 9.628288854514699402e-01
9.470755157988214323e-01 8.170040674367186062e-01 9.649487299313023181e-01
9.477728290316156379e-01 8.076085135910894275e-01 9.670241518229694133e-01
9.484247176836390070e-01 7.981564871887019130e-01 9.690532377071731096e-01
9.490295100865087097e-01 7.886472104616019108e-01 9.710340060801722073e-01
9.495854585683074500e-01 7.790799138992072770e-01 9.729644063669661280e-01
9.500907370542145403e-01 7.694538381968373253e-01 9.748423180411891487e-01
9.505434386834922256e-01 7.597682363371092151e-01 9.766655498661959145e-01
9.509415734570716427e-01 7.500223758065325264e-01 9.784318392728044156e-01
9.512830659319616577e-01 7.402155409485171589e-01 9.801388518901908986e-01
9.515657529806273995e-01 7.303470354526989672e-01 9.817841812474353835e-01
9.517873816357594885e-01 7.204161849788083272e-01 9.833653486642373043e-01
9.519456070431909778e-01 7.104223399113217541e-01 9.848798033503260996e-01
9.520379905482337923e-01 7.003648782387071892e-01 9.863249227340448178e-01
9.520619979434744584e-01 6.902432085481587931e-01 9.876980130415532466e-01
9.520149979088491365e-01 6.800567731232892710e-01 9.889963101489452901e-01
9.518942606779656757e-01 6.698050511280607688e-01 9.902169807303963234e-01
9.516969569676981822e-01 6.594875618554508767e-01 9.913571237261743496e-01
9.514201572114648897e-01 6.491038680135373662e-01 9.924137721549390889e-01
9.510608311399882941e-01 6.386535790149561187e-01 9.933838952952268597e-01
9.506158477567778764e-01 6.281363542277584866e-01 9.942644012613105486e-01
9.500819757591197900e-01 6.175519061364099782e-01 9.950521399987609650e-01
9.494558844588574242e-01 6.069000033507705449e-01 9.957439067249360676e-01
9.487341452605707603e-01 5.961804733882590801e-01 9.963364458392838241e-01
9.479132337580943313e-01 5.853932051395214220e-01 9.968264553277519369e-01
9.469895325132863251e-01 5.745381509105972340e-01 9.972105916846980556e-01
9.459593345835887179e-01 5.636153279143731876e-01 9.974854753744872848e-01
9.448188478671623036e-01 5.526248190603809674e-01 9.976476968533820600e-01
9.435642003359804297e-01 5.415667728642795664e-01 9.976938231704188809e-01
9.421914462281394398e-01 5.304414022657727434e-01 9.976204051636143877e-01
9.406965732706477068e-01 5.192489821053640764e-01 9.974239852651637372e-01
9.390755110029057606e-01 5.079898449650415149e-01 9.971011059261328802e-01
9.373241402687653157e-01 4.966643750242111244e-01 9.966483186676065031e-01
9.354383039413906031e-01 4.852729995180770084e-01 9.960621937613496346e-01
9.334138189398482055e-01 4.738161773087227191e-01 9.953393305386879497e-01
9.312464895892204053e-01 4.622943839863123405e-01 9.944763683216896188e-01
9.289321223671861416e-01 4.507080928047054735e-01 9.934699979657699576e-01
9.264665420688579234e-01 4.390577506171964850e-01 9.923169739976950288e-01
9.238456094085935044e-01 4.273437478063704109e-01 9.910141273276616980e-01
9.210652400621330838e-01 4.155663809874907133e-01 9.895583785088358786e-01
9.181214251349649746e-01 4.037258069938498006e-01 9.879467515125526234e-01
9.150102530233678033e-01 3.918219863064938413e-01 9.861763879825614643e-01
9.117279326133164163e-01 3.798546136439911458e-01 9.842445619272865986e-01
9.082708177398044480e-01 3.678230328440983410e-01 9.821486948055845323e-01
9.046354328054702076e-01 3.557261323970530298e-01 9.798863709589139548e-01
9.008184994336541074e-01 3.435622169554086724e-01 9.774553533417832396e-01
8.968169640075693838e-01 3.313288487404613125e-01 9.748535995031083479e-01
8.926280259256611505e-01 3.190226508300535446e-01 9.720792777742094382e-01
8.882491663842244645e-01 3.066390616073679243e-01 9.691307836252075480e-01
8.836781774838203818e-01 2.941720258068459826e-01 9.660067561613474574e-01
8.789131914473470308e-01 2.816136020377507654e-01 9.627060947450174488e-01
8.739527097370504150e-01 2.689534584811767437e-01 9.592279757492805370e-01
8.687956318675031930e-01 2.561782161435399718e-01 9.555718694759199883e-01
8.634412837345277758e-01 2.432705800904130800e-01 9.517375573073747486e-01
8.578894453195929914e-01 2.302081691175218436e-01 9.477251492101561592e-01
8.521403776898144322e-01 2.169619055242344441e-01 9.435351017711255395e-01
8.461948493012302341e-01 2.034937444722406119e-01 9.391682370328633400e-01
8.400541617356628299e-01 1.897533784464313644e-01 9.346257625082731169e-01
8.337201751714966580e-01 1.756732882776703419e-01 9.299092929096675064e-01
8.271953341247153535e-01 1.611610006767292547e-01 9.250208743430933245e-01
8.204826943286386287e-01 1.460863536798957252e-01 9.199630120250638088e-01
8.135859520991784999e-01 1.302591939999828141e-01 9.147387030273415043e-01
8.065094782443351651e-01 1.133870029903337046e-01 9.093514762338834601e-01
7.984505272402309117e-01 1.007353681807844487e-01 9.020525528548890559e-01
7.884314358574637804e-01 1.007540997911896552e-01 8.905974760599401074e-01
7.783848167130303919e-01 1.006874866200602042e-01 8.791163618920728728e-01
7.683101230010427329e-01 1.005369907684284386e-01 8.676087006867654328e-01
7.582067879639060592e-01 1.003039157913812734e-01 8.560739642903129054e-01
7.480742238273152545e-01 9.998941700209341976e-02 8.445116050863215040e-01
7.379118206599650787e-01 9.959451026663737605e-02 8.329210549545225106e-01
7.277189451512779961e-01 9.912007945436318579e-02 8.213017241560253145e-01
7.174949392997933550e-01 9.856688267711635754e-02 8.096530001385163766e-01
7.072391190040451248e-01 9.793555742383190654e-02 7.979742462542208647e-01
6.969507725468353510e-01 9.722662467374097728e-02 7.862648003826663290e-01
6.866291589628320535e-01 9.644049205055586771e-02 7.745239734494214767e-01
6.762735062782155859e-01 9.557745606115453096e-02 7.627510478309887931e-01
6.658830096098392604e-01 9.463770344437266724e-02 7.509452756349046521e-01
6.554568049283781006e-01 9.362141901648111941e-02 7.391058545034393523e-01
6.449934281876837927e-01 9.253114677690613132e-02 7.272314282524123819e-01
6.344930935918841053e-01 9.136174342388062031e-02 7.153221909469816842e-01
6.239548757978370386e-01 9.011287645583243577e-02 7.033772838016920659e-01
6.133778068875263001e-01 8.878408358946165979e-02 6.913958091199888800e-01
6.027608734805566248e-01 8.737476705933970578e-02 6.793768277236562625e-01
5.921030135845946063e-01 8.588418640986830721e-02 6.673193561567872800e-01
5.814031131536626651e-01 8.431144957339295476e-02 6.552223636394290951e-01
5.706600023199764893e-01 8.265550197233373364e-02 6.430847687427621029e-01
5.598724512600948833e-01 8.091511331314918398e-02 6.309054357538056435e-01
5.490391656504131079e-01 7.908886165123957257e-02 6.186831706932141017e-01
5.381587816602452223e-01 7.717511419210501544e-02 6.064167169445450201e-01
5.272298604227951824e-01 7.517200414632364824e-02 5.941047504473211394e-01
5.162508819148767802e-01 7.307740276202323582e-02 5.817458743991438253e-01
5.052202381650395813e-01 7.088888540082530221e-02 5.693386134037720092e-01
4.941362256963765520e-01 6.860369017701915817e-02 5.568814069922988219e-01
4.829970370943058033e-01 6.621866720803350204e-02 5.443726024329244018e-01
4.718007515702696830e-01 6.373021587375454766e-02 5.318104467310620365e-01
4.605453243690065812e-01 6.113420657113194379e-02 5.191930777050888235e-01
4.492285748386334321e-01 5.842588215512375255e-02 5.065185140034121902e-01
4.378481729480720452e-01 5.559973238289966924e-02 4.937846439049443092e-01
4.264016239936839203e-01 5.264933191580066507e-02 4.809892127166369713e-01
4.148862511841397982e-01 4.956712827603041577e-02 4.681298085473271642e-01
4.032991757268373223e-01 4.634415975158938383e-02 4.552038461953247239e-01
3.916372939567183131e-01 4.296967312073934203e-02 4.422085488361318650e-01
3.798972509443280243e-01 3.943059458946921586e-02 4.291409271342230825e-01
3.680754098875224090e-01 3.570988737030495602e-02 4.159977553259301408e-01
3.561678164215014153e-01 3.197313530105993368e-02 4.027755437257080628e-01
3.441701567621847646e-01 2.827955909731222350e-02 3.894705069907548611e-01
3.320777083111936534e-01 2.463978863976783520e-02 3.760785273335431333e-01
3.198852809725999391e-01 2.106497344735889718e-02 3.625951116914095662e-01
3.075871469277356440e-01 1.756683235707889520e-02 3.490153416387776208e-01
2.951769559352215300e-01 1.415771042299348269e-02 3.353338145519117464e-01
2.826476322967793608e-01 1.085064443875649945e-02 3.215445741995380802e-01
2.699912483482471703e-01 7.659438827997278564e-03 3.076410285300437142e-01
2.571988675385399326e-01 4.598754083643450709e-03 2.936158519627831143e-01
2.442603476002034590e-01 1.684210500376485693e-03 2.794608690000682794e-01
2.311640906086304958e-01 1.067489328150951532e-03 2.651669155544575385e-01
2.178967212596898684e-01 3.638414838741981655e-03 2.507236742757143477e-01
