4.454526554161421063e-03 7.851103051708702152e-02 1.737265356122778270e-01
7.876713955914462634e-03 8.851375267573631522e-02 1.902694468107112014e-01
1.167876211947007324e-02 9.826422204659616966e-02 2.065879255697171957e-01
1.583200450608684279e-02 1.077914700463270536e-01 2.227033875221857695e-01
2.031098029972016467e-02 1.171189018067515658e-01 2.386340800839073517e-01
2.509286895264681641e-02 1.262657635457199723e-01 2.543956582771182418e-01
3.015705554356276977e-02 1.352481431140722945e-01 2.700016521526217295e-01
3.548479013107346675e-02 1.440796753556797538e-01 2.854638403112433886e-01
4.078744340235788968e-02 1.527720533969140204e-01 3.007925475618465905e-01
4.587333262850640941e-02 1.613354081142144014e-01 3.159968828539327368e-01
5.077358731228943239e-02 1.697785955428252613e-01 3.310849305745420246e-01
5.550744645375484121e-02 1.781094184393307578e-01 3.460639054324332609e-01
6.009048846364557078e-02 1.863347997545485302e-01 3.609402787988521544e-01
6.453557740219707795e-02 1.944609203344415949e-01 3.757198825399748476e-01
6.885351195463326746e-02 2.024933295746937367e-01 3.904079949772630287e-01
7.305348424898154558e-02 2.104370353262527693e-01 4.050094125535692036e-01
7.714341282426601110e-02 2.182965776730136920e-01 4.195285099826740471e-01
8.113018982192096717e-02 2.260760900241491067e-01 4.339692910533430315e-01
8.501986818987297689e-02 2.337793501206722746e-01 4.483354317968277214e-01
8.881780597238872477e-02 2.414098229437753595e-01 4.626303173725329621e-01
9.252877927481603648e-02 2.489706970618454640e-01 4.768570737532925041e-01
9.615707194717525164e-02 2.564649156170401012e-01 4.910185950794248577e-01
9.970654768280552693e-02 2.638952028987562315e-01 5.051175673847251302e-01
1.031807086390162526e-01 2.712640872580099338e-01 5.191564892668267817e-01
1.065827435897943598e-01 2.785739209677868811e-01 5.331376899707578332e-01
1.099155678497076571e-01 2.858268975186527561e-01 5.470633452718662859e-01
1.131818566575347601e-01 2.930250667481053561e-01 5.609354914779570711e-01
1.163840733088706975e-01 3.001703481303724108e-01 5.747560378169284112e-01
1.195244930334559974e-01 3.072645424961978899e-01 5.885267774327025414e-01
1.226052233945911091e-01 3.143093424062823327e-01 6.022493971767606258e-01
1.256282218233034931e-01 3.213063413650261713e-01 6.159254863534338043e-01
1.285953107746695134e-01 3.282570420311345938e-01 6.295565445531021709e-01
1.315081908973107228e-01 3.351628635570391701e-01 6.431439886875195411e-01
1.343684525321655610e-01 3.420251481688983408e-01 6.566891593249191139e-01
1.371775857980531421e-01 3.488451670822162454e-01 6.701933264087003295e-01
1.399369894751940624e-01 3.556241258342723865e-01 6.836576944318444315e-01
1.426479788609953947e-01 3.623631691029694513e-01 6.970834071294290668e-01
1.453117927428398126e-01 3.690633850720241860e-01 7.104715517432823590e-01
1.479295996087622300e-01 3.757258093942527633e-01 7.238231629057902961e-01
1.505025031975072702e-01 3.823514287978186932e-01 7.371392261838672910e-01
1.530315474735994274e-01 3.889411843744503550e-01 7.504206813189350234e-01
1.555177211000971504e-01 3.954959745836529872e-01 7.636684251943965940e-01
1.579619614707567232e-01 4.020166580027031977e-01 7.768833145582541011e-01
1.603651583546692738e-01 4.085040558485226736e-01 7.900661685252733379e-01
1.627281571986731734e-01 4.149589542944335796e-01 8.032177708802623606e-01
1.650517621267699186e-01 4.213821066020534967e-01 8.163388722015595400e-01
1.673367386704228965e-01 4.277742350862616116e-01 8.294301918217037439e-01
1.695838162591513376e-01 4.341360329291218956e-01 8.424924196403754673e-01
1.717936904971009704e-01 4.404681658568830316e-01 8.555262178030789144e-01
1.739670252479218193e-01 4.467712736926242045e-01 8.685322222575873052e-01
1.761044545476247725e-01 4.530459717957736610e-01 8.815110441989351120e-01
1.782065843627247681e-01 4.592928523985119194e-01 8.944632714126043993e-01
1.802739942087861202e-01 4.655124858480748085e-01 9.073894695246002007e-01
1.823072386429151204e-01 4.717054217630010648e-01 9.202901831662344545e-01
1.843068486420265939e-01 4.778721901105987269e-01 9.331659370606611992e-01
1.862733328775576513e-01 4.840133022121601014e-01 9.460172370375329320e-01
1.882071788959634173e-01 4.901292516818316347e-01 9.588445709815522910e-01
1.930417426444596407e-01 4.971677503954669008e-01 9.655547627720101334e-01
2.000754401788291670e-01 5.049317993545958672e-01 9.673152550955218532e-01
2.074062044260748527e-01 5.126065712548721898e-01 9.689557328353946009e-01
2.150901307668310058e-01 5.201850497459243883e-01 9.704688358583318797e-01
2.231045973433254115e-01 5.276687083163417169e-01 9.718548732624566755e-01
2.314255368155091752e-01 5.350591842947139964e-01 9.731145481121662444e-01
2.400283809850020933e-01 5.423582330179403943e-01 9.742489050066228673e-01
2.488887560899117612e-01 5.495676930693619289e-01 9.752592857780669755e-01
2.579829781188215931e-01 5.566894594331175394e-01 9.761472911752454573e-01
2.672883899332597624e-01 5.637254624747110032e-01 9.769147471400414506e-01
2.767835755617468196e-01 5.706776513142787222e-01 9.775636747438883889e-01
2.864484811446494361e-01 5.775479805799565991e-01 9.780962631395699880e-01
2.962644666150214823e-01 5.843383998074515029e-01 9.785148450711389501e-01
3.062143073812115257e-01 5.910508449416738141e-01 9.788218746083826582e-01
3.162821611053587834e-01 5.976872315287101722e-01 9.790199068554098494e-01
3.264535111685830104e-01 6.042494492808329065e-01 9.791115794394068539e-01
3.367150955486139519e-01 6.107393577660508166e-01 9.790995956244107346e-01
3.470548275469660937e-01 6.171587830247248219e-01 9.789867089218468044e-01
3.574617130111635843e-01 6.235095149542734250e-01 9.787757090883127953e-01
3.679257673200282408e-01 6.297933053325918129e-01 9.784694094143954191e-01
3.784379343585944633e-01 6.360118663738606459e-01 9.780706352177777063e-01
3.889900089344306977e-01 6.421668697286161409e-01 9.775822134609202241e-01
3.995745635195530054e-01 6.482599458545986737e-01 9.770069634188917052e-01
4.101848797939339208e-01 6.542926836966880266e-01 9.763476883271025031e-01
4.208148851785300515e-01 6.602666306239631799e-01 9.756071679422136933e-01
4.314590943475133389e-01 6.661832925799169303e-01 9.747881519525345428e-01
4.421125555772542626e-01 6.720441344085628099e-01 9.738933541770184998e-01
4.527708017058441614e-01 6.778505803247488748e-01 9.729254474946509301e-01
4.634298054273953138e-01 6.836040145017759917e-01 9.718870594486055392e-01
4.740859386206737192e-01 6.893057817533959630e-01 9.707807684721251329e-01
4.847359354035886136e-01 6.949571882907030762e-01 9.696091006856835115e-01
4.953768586084362768e-01 7.005595025373726470e-01 9.683745272175120489e-01
5.060060693839091295e-01 7.061139559891735917e-01 9.670794620021981869e-01
5.166211996452120259e-01 7.116217441058573234e-01 9.657262600145885001e-01
5.272201271118385213e-01 7.170840272253519165e-01 9.643172158987836085e-01
5.378009526917046923e-01 7.225019314917846547e-01 9.628545629545137707e-01
5.483619799898556968e-01 7.278765497902124348e-01 9.613404724456187100e-01
5.589016967389155432e-01 7.332089426821117861e-01 9.597770531977685149e-01
5.694187579666267762e-01 7.385001393366869005e-01 9.581663514548438565e-01
5.799119707329153384e-01 7.437511384539106096e-01 9.565103509656547320e-01
5.903802802847928355e-01 7.489629091759566482e-01 9.548109732748022438e-01
6.008227574920137481e-01 7.541363919843154795e-01 9.530700781935340649e-01
6.112385874398471586e-01 7.592724995804198684e-01 9.512894644283915735e-01
6.216270590674431995e-01 7.643721177480704565e-01 9.494708703472911626e-01
6.319875557513563447e-01 7.694361061963489457e-01 9.476159748644156222e-01
6.423195467438018724e-01 7.744652993820232423e-01 9.457263984269305146e-01
6.526225793841844425e-01 7.794605073107556681e-01 9.438037040880778994e-01
6.628962720105843198e-01 7.844225163166297365e-01 9.418493986526149664e-01
6.731403075051831664e-01 7.893520898197403657e-01 9.398649338819181631e-01
6.833544274141282182e-01 7.942499690617421670e-01 9.378517077473060848e-01
6.935384265882713617e-01 7.991168738193868970e-01 9.358110657212801442e-01
7.036921482964774155e-01 8.039535030962100537e-01 9.337443020974361962e-01
7.138154797679058250e-01 8.087605357926005434e-01 9.316526613307989368e-01
7.239083481239889650e-01 8.135386313545784898e-01 9.295373393912186311e-01
7.339707166645934588e-01 8.182884304016602162e-01 9.273994851232771897e-01
7.440025814762841749e-01 8.230105553342393909e-01 9.252402016069511959e-01
7.540039683337538268e-01 8.277056109209439683e-01 9.230605475139213034e-01
7.639749298681219880e-01 8.323741848664741871e-01 9.208615384550822291e-01
7.739155429784350115e-01 8.370168483604208953e-01 9.186441483153615639e-01
7.838259064648384067e-01 8.416341566075973279e-01 9.164093105724826493e-01
7.937061388639358173e-01 8.462266493404261292e-01 9.141579195967796112e-01
8.035563764686644017e-01 8.507948513139078628e-01 9.118908319295881970e-01
8.133767715166676515e-01 8.553392727837169085e-01 9.096088675381363009e-01
8.231674905325612190e-01 8.598604099679633128e-01 9.073128110451845751e-01
8.329287128108967542e-01 8.643587454931416225e-01 9.050034129319984855e-01
8.426606290277477429e-01 8.688347488247983863e-01 9.026813907134877413e-01
8.523634399700203979e-01 8.732888766834202565e-01 9.003474300846215916e-01
8.620373553724339777e-01 8.777215734460594998e-01 8.980021860374274301e-01
8.716825928531856116e-01 8.821332715341710928e-01 8.956462839480937577e-01
8.812993769399419808e-01 8.865243917881499014e-01 8.932803206338605362e-01
8.908879381786335427e-01 8.908953438290291293e-01 8.909048653795389461e-01
8.909065673992732082e-01 8.908896187213674045e-01 8.908896146986243769e-01
8.945188649680827497e-01 8.824433083248520715e-01 8.824340765247112861e-01
8.981013847935355177e-01 8.739396961347903892e-01 8.739213449349668705e-01
9.016539109878617397e-01 8.653772956181329246e-01 8.653498129623162782e-01
9.051761458409164351e-01 8.567545800524279942e-01 8.567178193565714306e-01
9.086677051364114854e-01 8.480699822932178389e-01 8.480236470330321241e-01
9.121281131248172303e-01 8.393218946729448238e-01 8.392655215410699254e-01
9.155567971392393201e-01 8.305086690509855263e-01 8.304416095642683793e-01
9.189530818407656287e-01 8.216286170365113550e-01 8.215500174654927212e-01
9.223161830802220074e-01 8.126800104080887932e-01 8.125887898922401487e-01
9.256452013638551968e-01 8.036610817563704101e-01 8.035559084598526969e-01
9.289391149114332169e-01 7.945700253788100520e-01 7.944492905326586696e-01
9.321967722965509573e-01 7.854049984580689925e-01 7.852667881259061122e-01
9.354168846605053211e-01 7.761641225587553317e-01 7.760061869544363500e-01
9.385980174934339670e-01 7.668454854801310949e-01 7.666652056575011809e-01
9.417385819788052226e-01 7.574471435057589241e-01 7.572414952329445947e-01
9.448368259008769199e-01 7.479671240943157606e-01 7.477326387182221534e-01
9.478908241185536321e-01 7.384034290592782490e-01 7.381361511603966585e-01
9.508984686137725850e-01 7.287540382887124357e-01 7.284494799224190409e-01
9.538574581283536524e-01 7.190169140598065001e-01 7.186700053786870823e-01
9.567652874095878834e-01 7.091900060063329736e-01 7.087950420590783951e-01
9.596192360927925380e-01 6.992712568003732754e-01 6.988218403074838436e-01
9.624163572577740799e-01 6.892586086127618916e-01 6.887475885282520194e-01
9.651534657065184986e-01 6.791500104192574883e-01 6.785694161020243698e-01
9.678271260210641325e-01 6.689434262215540050e-01 6.682843970611214157e-01
9.704336404738130861e-01 6.586368442535777135e-01 6.578895546240018932e-01
9.729690368775105735e-01 6.482282872438465127e-01 6.473818666983371939e-01
9.754290564788178353e-01 6.377158238038193039e-01 6.367582724729007326e-01
9.778091420181076465e-01 6.270975810096370839e-01 6.260156802297474066e-01
9.801044260984773659e-01 6.163717582403214212e-01 6.151509765199671964e-01
9.823097200295298759e-01 6.055366423286246969e-01 6.041610368586336488e-01
9.844195033357338032e-01 5.945906240710480128e-01 5.930427381071763371e-01
9.864279141451569588e-01 5.835322161303972965e-01 5.817929727243166260e-01
9.883287407021386084e-01 5.723600723468336149e-01 5.704086650795572311e-01
9.901154142762152999e-01 5.610730084512491889e-01 5.588867900358867047e-01
9.917810037694740899e-01 5.496700241467423753e-01 5.472243940204725154e-01
9.933182123544843645e-01 5.381503264893426897e-01 5.354186188133669422e-01
9.947193765045636571e-01 5.265133544566890089e-01 5.234667282941746214e-01
9.959764678063859344e-01 5.147588045419753122e-01 5.113661383947486483e-01
9.970810979706801191e-01 5.028866571488245230e-01 4.991144505117059982e-01
9.980245274787177268e-01 4.908972034893168690e-01 4.867094886352358873e-01
9.987976783188829977e-01 4.787910726004673267e-01 4.741493404495155106e-01
9.993911512770601302e-01 4.665692579921043581e-01 4.614324026541888335e-01
9.997952482449895539e-01 4.542331433189235601e-01 4.485574307447714459e-01
1.000000000000000000e+00 4.417845263286677149e-01 4.355235934712087809e-01
9.999951998856019264e-01 4.292256401732252313e-01 4.223305321666137591e-01
9.997704437832228841e-01 4.165591709751770844e-01 4.089784251002452908e-01
9.993151767090874271e-01 4.037882703124844319e-01 3.954680569571496496e-01
9.986187462957443195e-01 3.909165610093741638e-01 3.818008934771858764e-01
9.976704633241284537e-01 3.779481342894045470e-01 3.679791611917743732e-01
9.964596693601132094e-01 3.648875359381797412e-01 3.540059320674674437e-01
9.949758114208542281e-01 3.517397386112675606e-01 3.398852126852477951e-01
9.932085234548952979e-01 3.385100967670347516e-01 3.256220373282347480e-01
9.911477142718013722e-01 3.252042798449311101e-01 3.112225639785625164e-01
9.887836614109958289e-01 3.118281781579211320e-01 2.966941716747681368e-01
9.861071103072358568e-01 2.983877743892815460e-01 2.820455568572938776e-01
9.831093780068768107e-01 2.848889713752150166e-01 2.672868250815711444e-01
9.797824606327355523e-01 2.713373637030013774e-01 2.524295725724661210e-01
9.761191438060028425e-01 2.577379360725314261e-01 2.374869491698247403e-01
9.721131153313651296e-01 2.440946645839799645e-01 2.224736897115118239e-01
9.677590796523536376e-01 2.304099868721538047e-01 2.074060939398492676e-01
9.630528738940937750e-01 2.166840912197869062e-01 1.923019242049087696e-01
9.579915857161828141e-01 2.029139498555515286e-01 1.771801733014340685e-01
9.525736736531965621e-01 1.890919811697090169e-01 1.620606278715474857e-01
9.467990910319807885e-01 1.752041576353123575e-01 1.469631090862883183e-01
9.406694147780669812e-01 1.612272575138256614e-01 1.319061987881788300e-01
9.341879802748490613e-01 1.471247408927377487e-01 1.169051294308297850e-01
9.273600227608449487e-01 1.328403085924702853e-01 1.019682717230500080e-01
9.201928245595664135e-01 1.182873256257529621e-01 8.709115628929703368e-02
9.126958661945594464e-01 1.033303090749128350e-01 7.224585507598249579e-02
9.049084417840498329e-01 8.762454638382813354e-02 5.714161097224022823e-02
8.955145339035711638e-01 7.830449180239286433e-02 4.797535161957042910e-02
8.841955162667594070e-01 7.879072640375367476e-02 4.815187721658141518e-02
8.728418844162830759e-01 7.919722037745813292e-02 4.828865109801601385e-02
8.614529695815104082e-01 7.952593534798829689e-02 4.838609626745700443e-02
8.500280793580539118e-01 7.977862947322873766e-02 4.844457513320792053e-02
8.385664964776902153e-01 7.995687553574516715e-02 4.846439228656780618e-02
8.270674774928641337e-01 8.006207645630986081e-02 4.844579684731949165e-02
8.155302513682859411e-01 8.009547860707369460e-02 4.838898441413648499e-02
8.039540179713219326e-01 8.005818323215299626e-02 4.829409865074559688e-02
7.923379464520301507e-01 7.995115622709082770e-02 4.816123253272276694e-02
7.806811735025992460e-01 7.977523648337574158e-02 4.799042927446937890e-02
7.689828014848774096e-01 7.953114296652487314e-02 4.778168295116633213e-02
7.572418964133114105e-01 7.921948066542182365e-02 4.753493882611354443e-02
7.454574857791881337e-01 7.884074552448949724e-02 4.725009338979116458e-02
7.336285562003316274e-01 7.839532844821699153e-02 4.692699411305010365e-02
7.217540508785318387e-01 7.788351844833768522e-02 4.656543891305278682e-02
7.098328668447304590e-01 7.730550498716835806e-02 4.616517532672670399e-02
6.978638519694797537e-01 7.666137955533969262e-02 4.572589938261467646e-02
6.858458017132754714e-01 7.595113650804913297e-02 4.524725415786570726e-02
6.737774555879600946e-01 7.517467317057881238e-02 4.472882800274793902e-02
6.616574932965298972e-01 7.433178921050949406e-02 4.417015241026456956e-02
6.494845305141205838e-01 7.342218526056606964e-02 4.357069950315196200e-02
6.372571142676323186e-01 7.244546076194667561e-02 4.292987910456254330e-02
6.249737178653081981e-01 7.140111098241685994e-02 4.224703535193082005e-02
6.126327353202618564e-01 7.028852314630189280e-02 4.152144280569233098e-02
6.002324752033949551e-01 6.910697159379064480e-02 4.075230199536983289e-02
5.877711538509836631e-01 6.785561186378372134e-02 3.993873433486216928e-02
5.752468878401431063e-01 6.653347356693484205e-02 3.907977632606236124e-02
5.626576856309620789e-01 6.513945188205741421e-02 3.817437295484285564e-02
5.500014382568096938e-01 6.367229746782038236e-02 3.722137016528646869e-02
5.372759089234570018e-01 6.213060453024739360e-02 3.621950627612367107e-02
5.244787213523859348e-01 6.051279672166598456e-02 3.515890039189695920e-02
5.116073466728798813e-01 5.881711046379208691e-02 3.406238142057504276e-02
4.986590886297040393e-01 5.704157518075265304e-02 3.293452061915706081e-02
4.856310668266822783e-01 5.518398978779615049e-02 3.177655323349374422e-02
4.725201976686486671e-01 5.324189459663090929e-02 3.058980745662400955e-02
4.593231725920579600e-01 5.121253755056742046e-02 2.937571448325672005e-02
4.460364330835889235e-01 4.909283336661301317e-02 2.813582002780751212e-02
4.326561418706731943e-01 4.687931369912837903e-02 2.687179757045600123e-02
4.191781495202472896e-01 4.456806579313984940e-02 2.558546365216468610e-02
4.055979554913596297e-01 4.215465617674150206e-02 2.427879561000358122e-02
3.919106624388332683e-01 3.963403461235832231e-02 2.295395223219083569e-02
3.781109222379984702e-01 3.700041156348050919e-02 2.161329792310049194e-02
3.641928717649696723e-01 3.424330750591857153e-02 2.025943110863378388e-02
3.501500558801751151e-01 3.146786882891840220e-02 1.889521779053688830e-02
3.359753342622207595e-01 2.870640318479468836e-02 1.752383138598244405e-02
3.216607676314749975e-01 2.596752893747791835e-02 1.614880028138987803e-02
3.071974773468905129e-01 2.326050491388458041e-02 1.477406490743799101e-02
2.925754701379985612e-01 2.059531500446098659e-02 1.340404663284507775e-02
2.777834165040412584e-01 1.798276912752649198e-02 1.204373141398408335e-02
2.628083665218304277e-01 1.543462474295123101e-02 1.069877197354482737e-02
2.476353795411954384e-01 1.296373444556539641e-02 9.375613375982113154e-03
2.322470329621600937e-01 1.058422704216489298e-02 8.081648296702931625e-03
2.166227572644922328e-01 8.311732168437706986e-03 6.825410131487726594e-03
2.007379147625522886e-01 6.163662326665395562e-03 5.616814433921220491e-03
1.845624888509045103e-01 4.159571854388299621e-03 4.467461985374410367e-03
1.680591602876096990e-01 2.321620818400465386e-03 3.391019777692597277e-03
