1.763365745792136452e-01 1.144338333116932671e-01 1.350910757080202584e-01
1.336489890956936433e-01 1.359918407430429355e-01 1.397012326930755499e-01
1.347252093299377285e-01 1.410607239363894094e-01 1.499102133406577941e-01
1.370698502743868397e-01 1.485322176026293572e-01 1.637258983518360411e-01
1.405971793090046440e-01 1.580804218423273455e-01 1.804548316825908272e-01
1.452184749718070933e-01 1.694232558209769479e-01 1.974186187729163044e-01
1.508432850027867367e-01 1.808403173645257711e-01 2.143827039852134742e-01
1.571687934492053129e-01 1.918124579758139769e-01 2.309929719483643784e-01
1.640709215045448865e-01 2.024326372636022775e-01 2.472574549564929280e-01
1.713087148368497292e-01 2.127529727032669293e-01 2.632238468413953814e-01
1.781823421253534157e-01 2.228126363233165763e-01 2.789287642328572292e-01
1.846937716704794841e-01 2.326421222950429413e-01 2.944012408056025931e-01
1.908923173181767130e-01 2.422658347967233394e-01 3.096648788499032912e-01
1.968165774979740157e-01 2.517037431249520285e-01 3.247392483846011091e-01
2.024974882966932843e-01 2.609724874368700709e-01 3.396408382076859245e-01
2.079603192311524351e-01 2.700861448219826766e-01 3.543837263881677302e-01
2.132260360395850651e-01 2.790567766049982246e-01 3.689800675245418771e-01
2.183122640399793035e-01 2.878948297540594448e-01 3.834404559908887178e-01
2.232339885636326071e-01 2.966094380259440277e-01 3.977742026603931502e-01
2.280040762450618597e-01 3.052086523814167562e-01 4.119895496645219479e-01
2.326336707023547168e-01 3.136996203463546795e-01 4.260938397605115724e-01
2.371424846773703410e-01 3.220868818576256287e-01 4.400919583532510448e-01
2.415591834460842080e-01 3.303725331897666706e-01 4.539864993735997500e-01
2.458839528599693347e-01 3.385632318016810749e-01 4.677841882865453327e-01
2.501212935039140994e-01 3.466641769023613429e-01 4.814903569665996419e-01
2.542752911669297067e-01 3.546800795144429697e-01 4.951098409994021954e-01
2.583496710856883483e-01 3.626152258078038648e-01 5.086470431667698966e-01
2.623478431154436241e-01 3.704735301341153253e-01 5.221059867623970563e-01
2.662729396493069278e-01 3.782585797503192349e-01 5.354903606718018905e-01
2.701278476860013988e-01 3.859736727790418209e-01 5.488035577284396949e-01
2.739152361342978570e-01 3.936218506229784975e-01 5.620487075392293086e-01
2.776375792082620420e-01 4.012059257986318461e-01 5.752287047293591637e-01
2.812971765900183496e-01 4.087285059614723659e-01 5.883462333685601786e-01
2.848961709007316601e-01 4.161920147447704665e-01 6.014037881949981790e-01
2.884365629153944344e-01 4.235987099171676928e-01 6.144036931383610733e-01
2.919202248749272477e-01 4.309506992717174745e-01 6.273481175530893905e-01
2.953489121845657150e-01 4.382499545857662104e-01 6.402390905005160837e-01
2.987242737362238443e-01 4.454983239324030730e-01 6.530785133607855952e-01
3.020478610517162710e-01 4.526975425769445560e-01 6.658681710086673533e-01
3.053211364106856451e-01 4.598492426536834876e-01 6.786097417494162398e-01
3.085454801005263481e-01 4.669549617869156455e-01 6.913048061798131583e-01
3.117221969037720641e-01 4.740161507947216468e-01 7.039548551140356603e-01
3.148525219207110593e-01 4.810341805928959880e-01 7.165612966929869598e-01
3.179376258101815345e-01 4.880103483990124169e-01 7.291254627782414177e-01
3.209786195194664904e-01 4.949458833220742870e-01 7.416486147172338672e-01
3.239765585640010381e-01 5.018419514110952218e-01 7.541319485541295720e-01
3.269324469091228202e-01 5.086996602257793931e-01 7.665765997505774587e-01
3.298472404990247520e-01 5.155200629838855297e-01 7.789836474719090686e-01
3.327218504720063641e-01 5.223041623326107885e-01 7.913541184870066525e-01
3.355571460960461438e-01 5.290529137851709418e-01 8.036889907238612407e-01
3.383539574543806827e-01 5.357672288584915954e-01 8.159891965174910222e-01
3.411130779070359331e-01 5.424479779434494553e-01 8.282556255823720903e-01
3.438352663511672347e-01 5.490959929352345892e-01 8.404891277375984293e-01
3.465212493002048921e-01 5.557120696481029354e-01 8.526905154096254824e-01
3.491717227995917994e-01 5.622969700359083944e-01 8.648605659345476315e-01
3.517873541947244553e-01 5.688514242373439167e-01 8.770000236793135118e-01
3.543687837650457140e-01 5.753761324626539553e-01 8.891096019991195920e-01
3.569166262366362252e-01 5.818717667367133695e-01 9.011899850462782302e-01
3.594314721843128169e-01 5.883389725117357250e-01 9.132418294442030682e-01
3.619138893331086959e-01 5.947783701614328677e-01 9.252657658387031248e-01
3.643644237678882458e-01 6.011905563672097497e-01 9.372624003374556700e-01
3.667836010590738161e-01 6.075761054058511634e-01 9.492323158474385014e-01
3.691719273114956179e-01 6.139355703472154646e-01 9.611760733190876094e-01
3.715298901428160661e-01 6.202694841695632899e-01 9.730942129050458300e-01
3.769378889140873601e-01 6.269858246526840428e-01 9.800791273511448853e-01
3.855768901620539313e-01 6.340415151516494152e-01 9.820429825076786301e-01
3.943992904405713706e-01 6.410151258201627344e-01 9.838837184860488305e-01
4.033851547184431618e-01 6.479089086134686148e-01 9.856045370865531563e-01
4.125159429035892833e-01 6.547250937166061435e-01 9.872087403982817699e-01
4.217745341472928233e-01 6.614658792372973828e-01 9.886997036824716201e-01
4.311452078566627155e-01 6.681334233494281571e-01 9.900808514347342326e-01
4.406135951967916076e-01 6.747298383877056160e-01 9.913556362824217372e-01
4.501666115522355849e-01 6.812571865043511865e-01 9.925275204291271747e-01
4.597923777417321500e-01 6.877174765807383405e-01 9.935999593981336142e-01
4.694801356650407098e-01 6.941126621490371074e-01 9.945763878561807436e-01
4.792201624205463806e-01 7.004446401268710209e-01 9.954602073215785829e-01
4.890036856827866818e-01 7.067152502053953844e-01 9.962547755788779824e-01
4.988228021923064026e-01 7.129262747608822171e-01 9.969633976374356887e-01
5.086704005198049439e-01 7.190794391835637622e-01 9.975893180843226071e-01
5.185400887657894975e-01 7.251764125366488845e-01 9.981357146936167268e-01
5.284261275009892733e-01 7.312188084739755789e-01 9.986056931648052970e-01
5.383233680052904591e-01 7.372081863575017380e-01 9.990022828728004622e-01
5.482271956959592352e-01 7.431460525262961747e-01 9.993284335213046266e-01
5.581334785277372035e-01 7.490338616773496438e-01 9.995870125999302136e-01
5.680385200819197955e-01 7.548730183256663340e-01 9.997808035536334126e-01
5.779390170260302328e-01 7.606648783170463224e-01 9.999125045807776280e-01
5.878320206116106617e-01 7.664107503718876613e-01 9.999847279833862235e-01
5.977149018777104805e-01 7.721118976424435898e-01 1.000000000000000000e+00
6.075853202373844297e-01 7.777695392693948495e-01 9.999607610579830386e-01
6.174411951401767018e-01 7.833848519263980625e-01 9.998693663880985349e-01
6.272806805227078009e-01 7.889589713436672147e-01 9.997280869497432443e-01
6.371021417803671705e-01 7.944929938035734107e-01 9.995391106204489784e-01
6.469041350145523506e-01 7.999879776028601119e-01 9.993045436080000288e-01
6.566853883308981787e-01 8.054449444774474109e-01 9.990264120479507293e-01
6.664447849843673222e-01 8.108648809868556073e-01 9.987066637533724700e-01
6.761813481861665975e-01 8.162487398562048302e-01 9.983471700873582932e-01
6.858942274052592936e-01 8.215974412744930788e-01 9.979497279322021575e-01
6.955826860138224488e-01 8.269118741484480228e-01 9.975160617322427203e-01
7.052460901410368965e-01 8.321928973117252992e-01 9.970478255901589204e-01
7.148838986132581841e-01 8.374413406896460410e-01 9.965466053990169604e-01
7.244956538712189476e-01 8.426580064199423736e-01 9.960139209946620165e-01
7.340809737659524936e-01 8.478436699302533963e-01 9.954512283150858121e-01
7.436395441454655142e-01 8.529990809732818091e-01 9.948599215552438313e-01
7.531711121530817454e-01 8.581249646206738912e-01 9.942413353074557314e-01
7.626754801666650874e-01 8.632220222168027757e-01 9.935967466789579206e-01
7.721525003152458488e-01 8.682909322936702701e-01 9.929273773795364022e-01
7.816020695159867637e-01 8.733323514482634886e-01 9.922343957732886466e-01
7.910241249805293196e-01 8.783469151836323929e-01 9.915189188896118555e-01
8.004186401447102028e-01 8.833352387150721352e-01 9.907820143894245923e-01
8.097856209805711636e-01 8.882979177427118289e-01 9.900247024834291087e-01
8.191251026536657820e-01 8.932355291918357976e-01 9.892479577999215845e-01
8.284371464923746542e-01 8.981486319222509174e-01 9.884527112002794436e-01
8.377218372394225065e-01 9.030377674079541617e-01 9.876398515407821543e-01
8.469792805586745521e-01 9.079034603883515686e-01 9.868102273799064239e-01
8.562096007730016778e-01 9.127462194922453254e-01 9.859646486306160584e-01
8.654129388114920607e-01 9.175665378357306112e-01 9.851038881575382433e-01
8.745894503462801062e-01 9.223648935951628269e-01 9.842286833191944417e-01
8.837393041013684725e-01 9.271417505562575823e-01 9.833397374557226733e-01
8.928626803174061211e-01 9.318975586403879241e-01 9.824377213227348804e-01
9.019597693580542197e-01 9.366327544090685686e-01 9.815232744721290592e-01
9.110307704448433741e-01 9.413477615476110172e-01 9.805970065808353731e-01
9.200758905088292083e-01 9.460429913288515014e-01 9.796594987285813794e-01
9.290953431483004454e-01 9.507188430578605853e-01 9.787113046258741900e-01
9.380893476829964550e-01 9.553757044984533264e-01 9.777529517934638870e-01
9.470581282960337521e-01 9.600139522823341043e-01 9.767849426946200175e-01
9.560019132556585308e-01 9.646339523016322914e-01 9.758077558215838554e-01
9.649209342096668474e-01 9.692360600855758346e-01 9.748218467376096319e-01
9.738154255459714470e-01 9.738206211620006325e-01 9.738276490759981696e-01
9.738222958172222388e-01 9.738198279463430307e-01 9.738094060535489316e-01
9.703402922404407160e-01 9.686110588622942608e-01 9.604395754491018566e-01
9.668395204192810066e-01 9.633855529890952285e-01 9.470626982875074429e-01
9.633197555277441815e-01 9.581430905792770458e-01 9.336789876827394918e-01
9.597807681065442242e-01 9.528834482833040687e-01 9.202886627570163736e-01
9.562223238965319450e-01 9.476063991324055191e-01 9.068919481524051474e-01
9.526441836641170724e-01 9.423117125252392645e-01 8.934890734283214009e-01
9.490461030183182656e-01 9.369991542187233735e-01 8.800802723271726746e-01
9.454278322189613171e-01 9.316684863234182545e-01 8.666657818876424280e-01
9.417891159757002528e-01 9.263194673038153137e-01 8.532458413818374554e-01
9.381296932373228703e-01 9.209518519839641204e-01 8.398206910487779897e-01
9.344492969709904395e-01 9.155653915588437552e-01 8.263905705922176548e-01
9.307476539308487951e-01 9.101598336119617327e-01 8.129557174055720425e-01
9.270244844156407815e-01 9.047349221396226993e-01 7.995163644804915704e-01
9.232795020147289700e-01 8.992903975824172447e-01 7.860727379483246624e-01
9.195124133421404000e-01 8.938259968644243214e-01 7.726250541949405415e-01
9.157229177580435975e-01 8.883414534407197971e-01 7.591735164790313073e-01
9.119107070772556334e-01 8.828364973537518035e-01 7.457183109715328495e-01
9.080754652641909175e-01 8.773108552992293641e-01 7.322596021189061721e-01
9.042168681138329500e-01 8.717642507021593490e-01 7.187975272150239903e-01
9.003345829182408666e-01 8.661964038036960023e-01 7.053321900446604120e-01
8.964282681181160450e-01 8.606070317595406749e-01 6.918636534351672029e-01
8.924975729390456358e-01 8.549958487505969762e-01 6.783919305207002370e-01
8.885421370120086815e-01 8.493625661066709354e-01 6.649169744838774321e-01
8.845615899778650482e-01 8.437068924439833362e-01 6.514386664911273606e-01
8.805555510755234128e-01 8.380285338173383280e-01 6.379568014777675655e-01
8.765236287136699556e-01 8.323271938877698783e-01 6.244710713639373134e-01
8.724654200259771564e-01 8.266025741065415877e-01 6.109810451886322769e-01
8.683805104098833993e-01 8.208543739163752795e-01 5.974861455308109193e-01
8.642684730492016243e-01 8.150822909708115294e-01 5.839856204364606285e-01
8.601288684209991153e-01 8.092860213725975305e-01 5.704785098787013009e-01
8.559612437874644097e-01 8.034652599320226685e-01 5.569636055309428180e-01
8.517651326737458728e-01 7.976197004460928719e-01 5.434394023122606221e-01
8.475400543331352843e-01 7.917490359994402427e-01 5.299040397436680649e-01
8.432855132013323818e-01 7.858529592878450432e-01 5.163552305976196743e-01
8.390009983421197193e-01 7.799311629651763944e-01 5.027901735792169591e-01
8.346859828872604803e-01 7.739833400145659237e-01 4.892054457717099347e-01
8.303399234742192547e-01 7.680091841445035872e-01 4.755968692019608146e-01
8.259622596860521915e-01 7.620083902105082574e-01 4.619593439712604832e-01
8.215524134987911564e-01 7.559806546628964341e-01 4.482866377078013609e-01
8.171097887427408724e-01 7.499256760210466499e-01 4.345711172505171693e-01
8.126337705853388105e-01 7.438431553744160318e-01 4.208034028739409127e-01
8.081237250446747789e-01 7.377327969103787408e-01 4.069719170503092731e-01
8.035789985444297123e-01 7.315943084687300813e-01 3.930622871331923562e-01
7.989989175227447671e-01 7.254274021224736968e-01 3.790565417440394103e-01
7.943827881096138244e-01 7.192317947842172821e-01 3.649320093297556689e-01
7.897298958896032950e-01 7.130072088371768313e-01 3.506597757628822642e-01
7.850395057690319200e-01 7.067533727894320661e-01 3.362024697567060350e-01
7.803108619693337467e-01 7.004700219496743374e-01 3.215109881038535899e-01
7.755431881708104713e-01 6.941568991222304419e-01 3.065194799472412690e-01
7.707356878335422934e-01 6.878137553186705055e-01 2.911373298380973140e-01
7.658875447245743207e-01 6.814403504827469815e-01 2.752356489304795262e-01
7.609979236824102600e-01 6.750364542248453725e-01 2.586229309976321722e-01
7.560659716512413420e-01 6.686018465614979034e-01 2.409971213849202709e-01
7.510908190177532084e-01 6.621363186548109292e-01 2.218389106168347225e-01
7.460715812825600146e-01 6.556396735459608660e-01 2.001260369542499085e-01
7.410073610957867984e-01 6.491117268761343873e-01 1.732788815827457918e-01
7.358972506818707293e-01 6.425523075874907120e-01 1.403143515184724632e-01
7.307403346715791725e-01 6.359612585959576458e-01 1.102841167907484543e-01
7.255356933496541760e-01 6.293384374268874426e-01 8.338784061466485154e-02
7.202824063138359989e-01 6.226837168040850745e-01 5.946329387330250710e-02
7.149795565260121943e-01 6.159969851824282916e-01 3.834735187906818804e-02
7.096262347191139019e-01 6.092781472147564825e-01 1.987645790461704115e-02
7.042215441058230496e-01 6.025271241453069582e-01 3.887124960621977845e-03
6.977382994423239060e-01 5.961306577024155784e-01 0.000000000000000000e+00
6.901987052868469030e-01 5.900943821074727813e-01 6.323343202159724223e-03
6.826326895079430912e-01 5.840342708512027414e-01 1.250419442516683202e-02
6.750397057263662903e-01 5.779498108647024290e-01 1.854258223101873382e-02
6.674191870433988649e-01 5.718404695812315808e-01 2.443854293012230269e-02
6.597705449110959908e-01 5.657056938513697064e-01 3.019212102548614676e-02
6.520931679198814779e-01 5.595449087779730268e-01 3.580336968448018242e-02
6.443864204959255382e-01 5.533575164634731980e-01 4.127235124012258033e-02
6.366496414998468190e-01 5.471428946612346689e-01 4.659913772400170462e-02
6.288821427173406642e-01 5.409003953217476068e-01 5.178381143310569618e-02
6.210832072312907348e-01 5.346293430233214350e-01 5.682646553302489467e-02
6.132520876636124996e-01 5.283290332757696328e-01 6.172720470016887506e-02
6.053880042737460609e-01 5.219987306841304964e-01 6.648614580585830713e-02
5.974901428990757601e-01 5.156376669579069150e-01 7.110341864536556811e-02
5.895576527207267992e-01 5.092450387494588115e-01 7.557916671522434127e-02
5.815896438360981247e-01 5.028200053030839056e-01 7.991354804238193221e-02
5.735851846170491042e-01 4.963616858939082777e-01 8.410673606902634158e-02
5.655432988298936259e-01 4.898691570328931877e-01 8.815892059722073293e-02
5.574629624901058511e-01 4.833414494110357951e-01 9.207030879777089449e-02
5.493431004208749746e-01 4.767775445520755495e-01 9.584112628805421807e-02
5.411825824803442320e-01 4.701763711386060529e-01 9.947161828387308946e-02
5.329802194171875396e-01 4.635368009713803361e-01 1.029620508307034915e-01
5.247347583082704325e-01 4.568576445155433929e-01 1.063127121200423825e-01
5.164448775250733981e-01 4.501376459804452002e-01 1.095239138968510523e-01
5.081091811672827641e-01 4.433754778712614697e-01 1.125959929643898516e-01
4.997261928920794793e-01 4.365697349407211547e-01 1.155293127929443164e-01
4.912943490560131021e-01 4.297189274573104401e-01 1.183242652391441330e-01
4.828119910722796781e-01 4.228214736921492301e-01 1.209812723826051151e-01
4.742773568694741981e-01 4.158756915096061824e-01 1.235007884865572114e-01
4.656885713175861197e-01 4.088797889260673002e-01 1.258833020888209531e-01
4.570436354624237141e-01 4.018318534761973204e-01 1.281293382289117877e-01
4.483404143796723140e-01 3.947298401953951430e-01 1.302394608161018819e-01
4.395766234230397695e-01 3.875715579895644414e-01 1.322142751417657025e-01
4.307498125956000234e-01 3.803546541169075534e-01 1.340544305371781375e-01
4.218573487171629610e-01 3.730765964487581243e-01 1.357606231748125225e-01
4.128963949901796604e-01 3.657346531043380033e-01 1.373335990069011747e-01
4.038638874781218524e-01 3.583258689634232219e-01 1.387741568291046834e-01
3.947565078980029285e-01 3.508470384455336100e-01 1.400831514492004715e-01
3.855706519850301550e-01 3.432946737966436901e-01 1.412614969301074774e-01
3.763023925020201332e-01 3.356649679338623016e-01 1.423101698625997835e-01
3.669474357247719531e-01 3.279537506502993582e-01 1.432302126049529445e-01
3.575010699167486816e-01 3.201564366557180241e-01 1.440227364035021884e-01
3.479581038835163898e-01 3.122679634941018523e-01 1.446889242789282104e-01
3.383126300565757472e-01 3.042825839681346234e-01 1.452358747804714245e-01
3.285590515152632674e-01 2.961946860622520772e-01 1.456370848124058648e-01
3.186907271104877926e-01 2.879976761854455281e-01 1.458807026772513948e-01
3.086998264489565491e-01 2.796838257623203705e-01 1.459676683987158885e-01
2.985775047576700869e-01 2.712443764886220410e-01 1.458992725300663484e-01
2.883137004974192785e-01 2.626693292256594425e-01 1.456772734820273585e-01
2.778968763196658087e-01 2.539471721450735076e-01 1.453040586382959576e-01
2.673136822476577801e-01 2.450645248105009777e-01 1.447828678775588684e-01
2.565485098186987556e-01 2.360056633241230939e-01 1.441181072510238637e-01
2.455828896361137992e-01 2.267518728522383564e-01 1.433157948949389526e-01
2.343946577187653035e-01 2.172805420789118980e-01 1.423842042448635881e-01
2.229567692774223897e-01 2.075638581647642755e-01 1.413348074080735817e-01
2.112355539661373294e-01 1.975668570496909304e-01 1.401836854267511090e-01
1.991880451552588693e-01 1.872443796108960445e-01 1.389536835963524897e-01
1.867576867281410258e-01 1.765360504767545524e-01 1.376777913946131415e-01
1.738669951384337886e-01 1.653689103677038474e-01 1.364046045477105562e-01
1.607593139111427871e-01 1.550949205882841686e-01 1.352074594394905294e-01
1.498644342456027234e-01 1.466120066446057191e-01 1.342098487114687377e-01
1.418241542330563321e-01 1.399768097054131244e-01 1.336708730068136841e-01
1.363195250889685239e-01 1.355748168089187800e-01 1.336392185494932050e-01
1.763365745792136452e-01 1.144338333116932671e-01 1.350910757080202584e-01
