4.545729166646778063e-02 0.000000000000000000e+00 1.337606385712740474e-03
0.000000000000000000e+00 2.427487097530248508e-03 7.853921100893859059e-03
0.000000000000000000e+00 8.115212287679933814e-03 2.075031061894657899e-02
1.958171466369885614e-04 1.643993299819365705e-02 3.807639308555827579e-02
2.225040842534928287e-03 2.696945596241940440e-02 5.756938692629516574e-02
5.180523738093013170e-03 3.933892466002519156e-02 7.716679032479616118e-02
9.008434940880785669e-03 5.155811405476272424e-02 9.674038330878667602e-02
1.348272183454451642e-02 6.325069715275442872e-02 1.159327495628381388e-01
1.848767004330898953e-02 7.453580006457256879e-02 1.347188568171128753e-01
2.396527572964649022e-02 8.547548112549042953e-02 1.531576227913681587e-01
2.986739895434464484e-02 9.611635714813307474e-02 1.712942073240622254e-01
3.615329220821928563e-02 1.064946353378134758e-01 1.891642617004368476e-01
4.237959119829469434e-02 1.166391936134362206e-01 2.067965943294330367e-01
4.832303259167301107e-02 1.265735653439856723e-01 2.242149282012344536e-01
5.401965566423738707e-02 1.363172726819931457e-01 2.414391067884524844e-01
5.949580807916659414e-02 1.458867538943469933e-01 2.584859490292488737e-01
6.477291352573143202e-02 1.552960274614766101e-01 2.753698722846150693e-01
6.986871575162377501e-02 1.645571796960130784e-01 2.921033568451554263e-01
7.479813641390971324e-02 1.736807305843548477e-01 3.086972992191382992e-01
7.957388616037774920e-02 1.826759134690918163e-01 3.251612854879804559e-01
8.420691186947536211e-02 1.915508924211923036e-01 3.415038060221323168e-01
8.870673155295261125e-02 2.003129336686019502e-01 3.577324263956524475e-01
9.308169009950041650e-02 2.089685425610143255e-01 3.738539250569752337e-01
9.733915791180607069e-02 2.175235742812972328e-01 3.898744054073023380e-01
1.014856874963925709e-01 2.259833242794402064e-01 4.057993879239352175e-01
1.055271385355791569e-01 2.343526028476477507e-01 4.216338865437794792e-01
1.094687789577793308e-01 2.426357971508325551e-01 4.373824725013046866e-01
1.133153674709369285e-01 2.508369232309869967e-01 4.530493280711088144e-01
1.170712215979224646e-01 2.589596699221237142e-01 4.686382921153978143e-01
1.207402742429578846e-01 2.670074361814178121e-01 4.841528989252600335e-01
1.243261210912345732e-01 2.749833630188825984e-01 4.995964115332187649e-01
1.278320606124428438e-01 2.828903609626809423e-01 5.149718504363425264e-01
1.312611280452937734e-01 2.907311338092004038e-01 5.302820184851756435e-01
1.346161244447270366e-01 2.985081992615442603e-01 5.455295225503377088e-01
1.378996416493226407e-01 3.062239069464878227e-01 5.607167924658833513e-01
1.411140838545888732e-01 3.138804542104802198e-01 5.758460976591796010e-01
1.442616863447151176e-01 3.214799000242576921e-01 5.909195618057734301e-01
1.473445318313107710e-01 3.290241772688783928e-01 6.059391757904166731e-01
1.503645647658698181e-01 3.365151036302524434e-01 6.209068092090751501e-01
1.533236039275141793e-01 3.439543912922437552e-01 6.358242206090454207e-01
1.562233535356554737e-01 3.513436555881978562e-01 6.506930666334064250e-01
1.590654130952651457e-01 3.586844227460178613e-01 6.655149102106878711e-01
1.618512861485556509e-01 3.659781368414924962e-01 6.802912279095642001e-01
1.645823880791812688e-01 3.732261660576778883e-01 6.950234165609784354e-01
1.672600530923225859e-01 3.804298083340647008e-01 7.097127992354841375e-01
1.698855404754655574e-01 3.875902964774666781e-01 7.243606306513892257e-01
1.724600402290665246e-01 3.947088027966871859e-01 7.389681020789757859e-01
1.749846781434196696e-01 4.017864433146829395e-01 7.535363457973650592e-01
1.774605203873376447e-01 4.088242816048472950e-01 7.680664391532253665e-01
1.798885776651305557e-01 4.158233322920478203e-01 7.825594082641983418e-01
1.822698089907416885e-01 4.227845642539194149e-01 7.970162314045675656e-01
1.846051251214528288e-01 4.297089035535120449e-01 8.114378421060639557e-01
1.868953916880982946e-01 4.365972361306316163e-01 8.258251320027421016e-01
1.891414320539482330e-01 4.434504102759574407e-01 8.401789534454255914e-01
1.913440299305601833e-01 4.502692389092030067e-01 8.545001219082846156e-01
1.935039317752978438e-01 4.570545016801590421e-01 8.687894182074884508e-01
1.956218489923879089e-01 4.638069469093336061e-01 8.830475905496969480e-01
1.976984599567210843e-01 4.705272933830581539e-01 8.972753564261445325e-01
1.997344118774365407e-01 4.772162320163186866e-01 9.114734043664074470e-01
2.017303225163829816e-01 4.838744273951537944e-01 9.256423955644229595e-01
2.036867817749045961e-01 4.905025192092150599e-01 9.397829653880139800e-01
2.056043531608592878e-01 4.971011235839999931e-01 9.538957247820338825e-01
2.074835751465536060e-01 5.036708343213063266e-01 9.679812615741892889e-01
2.093249624271482090e-01 5.102122240555847510e-01 9.820401416917288184e-01
2.139571083552780084e-01 5.176466215444126551e-01 9.899469411064342195e-01
2.212919916919008079e-01 5.259673449672218615e-01 9.916330531455378461e-01
2.290104538390182187e-01 5.341842583819969015e-01 9.931665461236436343e-01
2.371620570917435111e-01 5.422901070659572609e-01 9.945403145138056455e-01
2.457200325986405032e-01 5.502863906381701975e-01 9.957551522912873043e-01
2.546549529742221929e-01 5.581748970458463299e-01 9.968124136983004258e-01
2.639361754915446334e-01 5.659576246408720701e-01 9.977139320001461309e-01
2.735329209631329195e-01 5.736367234173891383e-01 9.984619512378852813e-01
2.834150551208578506e-01 5.812144498202262977e-01 9.990590674022993278e-01
2.935536306957098329e-01 5.886931314835498474e-01 9.995081767889262281e-01
3.039212410648167717e-01 5.960751394318682950e-01 9.998124300773434392e-01
3.144922290752781291e-01 6.033628660125953669e-01 9.999751911545163852e-01
3.252427874622384474e-01 6.105587073101982343e-01 1.000000000000000000e+00
3.361509804627937359e-01 6.176650491158438561e-01 9.998905391406421872e-01
3.471967100775016357e-01 6.246842557509572069e-01 9.996506033051770768e-01
3.583616451175167805e-01 6.316186612027984149e-01 9.992840719891956658e-01
3.696291267478364895e-01 6.384705621463913072e-01 9.987948846936529623e-01
3.809840606566070043e-01 6.452422125136789699e-01 9.981870186351118335e-01
3.924128031581945453e-01 6.519358193363802290e-01 9.974644687493602335e-01
4.039030463607136689e-01 6.585535396397478314e-01 9.966312298262576252e-01
4.154437058822710860e-01 6.650974782042193834e-01 9.956912806251545511e-01
4.270248133774199872e-01 6.715696860436574100e-01 9.946485698288728416e-01
4.386374152433469842e-01 6.779721594744267943e-01 9.935070037012367905e-01
4.502734782370828026e-01 6.843068396703868572e-01 9.922704353191801330e-01
4.619258022879399461e-01 6.905756126160108588e-01 9.909426552560886003e-01
4.735879404843825191e-01 6.967803093840336803e-01 9.895273835984582655e-01
4.852541260137320789e-01 7.029227066758657605e-01 9.880282631834357288e-01
4.969192057075102475e-01 7.090045275729119911e-01 9.864488539503063480e-01
5.085785797731279256e-01 7.150274424552832686e-01 9.847926283046228857e-01
5.202281472580227994e-01 7.209930700514045609e-01 9.830629673993487305e-01
5.318642567833413715e-01 7.269029785879630445e-01 9.812631582431122768e-01
5.434836620922547379e-01 7.327586870146602926e-01 9.793963915514035667e-01
5.550834819768860617e-01 7.385616662825039702e-01 9.774657602621842356e-01
5.666611641732619553e-01 7.443133406579309774e-01 9.754742586429908657e-01
5.782144528424444374e-01 7.500150890581664953e-01 9.734247819220112063e-01
5.897413592862514875e-01 7.556682463957324902e-01 9.713201263808870500e-01
6.012401355759933175e-01 7.612741049222747636e-01 9.691629898520582875e-01
6.127092508019005290e-01 7.668339155636453297e-01 9.669559725682662643e-01
6.241473696784322067e-01 7.723488892397925021e-01 9.647015783164742952e-01
6.355533332664876633e-01 7.778201981642827167e-01 9.624022158527251181e-01
6.469261415973254215e-01 7.832489771193836825e-01 9.600602005386019711e-01
6.582649380047652654e-01 7.886363247035571566e-01 9.576777561637112024e-01
6.695689949920231587e-01 7.939833045489975705e-01 9.552570169221963337e-01
6.808377014775327529e-01 7.992909465074560238e-01 9.528000295145685472e-01
6.920705512801925696e-01 8.045602478031563809e-01 9.503087553491736950e-01
7.032671327190413990e-01 8.097921741520294203e-01 9.477850728204609831e-01
7.144271192154173500e-01 8.149876608468626937e-01 9.452307796437426912e-01
7.255502607973195461e-01 8.201476138082536282e-01 9.426475952285309212e-01
7.366363764161313332e-01 8.252729106014895510e-01 9.400371630746676699e-01
7.476853469952396969e-01 8.303644014196911449e-01 9.374010531774310540e-01
7.586971091383635235e-01 8.354229100336865166e-01 9.347407644295617768e-01
7.696716494329440827e-01 8.404492347092209492e-01 9.320577270097843980e-01
7.806089992905191899e-01 8.454441490921996705e-01 9.293533047488106158e-01
7.915092302720122541e-01 8.504084030627200308e-01 9.266287974651596926e-01
8.023724498511427550e-01 8.553427235587227617e-01 9.238854432642458203e-01
8.131987975738991237e-01 8.602478153701147434e-01 9.211244207952959950e-01
8.239884415762662728e-01 8.651243619042460198e-01 9.183468514615262812e-01
8.347415754262553778e-01 8.699730259236191365e-01 9.155538015798950768e-01
8.454584152595011615e-01 8.747944502567621683e-01 9.127462844874481007e-01
8.561391971809352297e-01 8.795892584831226380e-01 9.099252625919425075e-01
8.667841749076107272e-01 8.843580555929052567e-01 9.070916493650154067e-01
8.773936176302575829e-01 8.891014286227065799e-01 9.042463112766504496e-01
8.879678080733244272e-01 8.938199472678231006e-01 9.013900696701500070e-01
8.985070407351980482e-01 8.985141644720613385e-01 8.985237025772164765e-01
8.985061977302717384e-01 8.985169855824046703e-01 8.984998656073113210e-01
8.873034196961245845e-01 8.960337648966441026e-01 8.825882523769622567e-01
8.760662977152042785e-01 8.935054758080174242e-01 8.666494602391945357e-01
8.647947581240338355e-01 8.909313645213372546e-01 8.506838399270207907e-01
8.534887283927516943e-01 8.883106675639609318e-01 8.346917551944158520e-01
8.421481360864800925e-01 8.856426121267618745e-01 8.186735805697969992e-01
8.307729076561730652e-01 8.829264164407725213e-01 8.026296985926260064e-01
8.193629670376860741e-01 8.801612901913029585e-01 7.865604964464794069e-01
8.079182340349816416e-01 8.773464349714468202e-01 7.704663618869530550e-01
7.964386224603756670e-01 8.744810447769281181e-01 7.543476783448648249e-01
7.849240380011444085e-01 8.715643065443161586e-01 7.382048190638095253e-01
7.733743757778772654e-01 8.685954007346748940e-01 7.220381401053271864e-01
7.617895175551625542e-01 8.655735019648307382e-01 7.058479720238264310e-01
7.501693285600814498e-01 8.624977796884324421e-01 6.896346099756550663e-01
7.385136538575882703e-01 8.593673989291300552e-01 6.733983019807148196e-01
7.268223142249735647e-01 8.561815210681791299e-01 6.571392349987050796e-01
7.150951014592162869e-01 8.529393046889107710e-01 6.408575184128035840e-01
7.033317730414584412e-01 8.496399064805318924e-01 6.245531644278409233e-01
6.915320460717457873e-01 8.462824822037914307e-01 6.082260647833783729e-01
6.796955903740109495e-01 8.428661877211108822e-01 5.918759630484733414e-01
6.678220206559376537e-01 8.393901800938212698e-01 5.755024215965796053e-01
6.559108875903673086e-01 8.358536187491971692e-01 5.591047821452931332e-01
6.439616676634595249e-01 8.322556667199988434e-01 5.426821184723181757e-01
6.319737516095474961e-01 8.285954919592667389e-01 5.262331795666288503e-01
6.199464312224626239e-01 8.248722687330927172e-01 5.097563210154376634e-01
6.078788842971214468e-01 8.210851790940403294e-01 4.932494218259096397e-01
5.957701574116506249e-01 8.172334144378595733e-01 4.767097830826413363e-01
5.836191462082335191e-01 8.133161771459714862e-01 4.601340037722917442e-01
5.714245727672763175e-01 8.093326823160186256e-01 4.435178276557691923e-01
5.591849595920027616e-01 8.052821595825492285e-01 4.268559530748103348e-01
5.468985996256563453e-01 8.011638550294548633e-01 4.101417948022130222e-01
5.345635216059289041e-01 7.969770331953595077e-01 3.933671831157536380e-01
5.221774499153409854e-01 7.927209791724282306e-01 3.765219796237105898e-01
5.097377579034320094e-01 7.883950007982277741e-01 3.595935810885850792e-01
4.972414134258539287e-01 7.839984309391643258e-01 3.425662701122548781e-01
4.846849150520351479e-01 7.795306298625757080e-01 3.254203526038189631e-01
4.720642170161576390e-01 7.749909876928493535e-01 3.081309922315123573e-01
4.593746404984794252e-01 7.703789269446706944e-01 2.906666040721061495e-01
4.466107681853874745e-01 7.656939051238977889e-01 2.729865896123735980e-01
4.337663182128413952e-01 7.609354173832488799e-01 2.550380565758472717e-01
4.208339924692645062e-01 7.561029992161444335e-01 2.367509160665783596e-01
4.078052927070314193e-01 7.511962291674171288e-01 2.180302711960536988e-01
3.946702958180237641e-01 7.462147315343147236e-01 1.987440413143225504e-01
3.814173767186294084e-01 7.411581790250592050e-01 1.787016427413573860e-01
3.680328631818000629e-01 7.360262953354475002e-01 1.576144296012980950e-01
3.545006010612066771e-01 7.308188575964066347e-01 1.350146035960682334e-01
3.408013997439868770e-01 7.255356986374930095e-01 1.100636972936179930e-01
3.269123148428808578e-01 7.201767090030245511e-01 8.098774180915885301e-02
3.128057056018255233e-01 7.147418386495156817e-01 4.252663106406493615e-02
2.984479739889001060e-01 7.092310982456048185e-01 0.000000000000000000e+00
2.837978434882366674e-01 7.036445599895775338e-01 0.000000000000000000e+00
2.688039544699370453e-01 6.979823578554815722e-01 0.000000000000000000e+00
2.534014135744323548e-01 6.922446871776760657e-01 0.000000000000000000e+00
2.375066844749817718e-01 6.864318034862293416e-01 0.000000000000000000e+00
2.210097358242066046e-01 6.805440205127331055e-01 0.000000000000000000e+00
2.037614178075200511e-01 6.745817072984431340e-01 0.000000000000000000e+00
1.855520027828545804e-01 6.685452843545154344e-01 0.000000000000000000e+00
1.660720103383002688e-01 6.624352188474240677e-01 0.000000000000000000e+00
1.448335882812595288e-01 6.562520188108390551e-01 0.000000000000000000e+00
1.209902589570177739e-01 6.499962264174002913e-01 0.000000000000000000e+00
9.282967801968908250e-02 6.436684103786297628e-01 0.000000000000000000e+00
5.569600515667746249e-02 6.372691575778050010e-01 0.000000000000000000e+00
0.000000000000000000e+00 6.307990640795313464e-01 0.000000000000000000e+00
0.000000000000000000e+00 6.242591305659306311e-01 0.000000000000000000e+00
0.000000000000000000e+00 6.168837559184329189e-01 0.000000000000000000e+00
0.000000000000000000e+00 6.087032046966706078e-01 0.000000000000000000e+00
0.000000000000000000e+00 6.004934576657251499e-01 0.000000000000000000e+00
0.000000000000000000e+00 5.922539095459548042e-01 0.000000000000000000e+00
0.000000000000000000e+00 5.839839322903283003e-01 0.000000000000000000e+00
0.000000000000000000e+00 5.756828738269913481e-01 0.000000000000000000e+00
0.000000000000000000e+00 5.673500567094561520e-01 0.000000000000000000e+00
0.000000000000000000e+00 5.589847766659052919e-01 0.000000000000000000e+00
0.000000000000000000e+00 5.505863010381193412e-01 0.000000000000000000e+00
0.000000000000000000e+00 5.421538670994714426e-01 0.000000000000000000e+00
0.000000000000000000e+00 5.336866802402030485e-01 0.000000000000000000e+00
2.426572327892036109e-03 5.251839120067983702e-01 0.000000000000000000e+00
8.153500395984942042e-03 5.166446979806972317e-01 0.000000000000000000e+00
1.358947846440178298e-02 5.080681354797611515e-01 0.000000000000000000e+00
1.873635536212814659e-02 4.994532810638362963e-01 0.000000000000000000e+00
2.359605353228748023e-02 4.907991478233738047e-01 0.000000000000000000e+00
2.817057255472706773e-02 4.821047024273095727e-01 0.000000000000000000e+00
3.246199291012344390e-02 4.733688619032550005e-01 0.000000000000000000e+00
3.647017014705714044e-02 4.645904901193549374e-01 0.000000000000000000e+00
4.002805093530404507e-02 4.557683939329214562e-01 0.000000000000000000e+00
4.315439375758892138e-02 4.469013189659716279e-01 0.000000000000000000e+00
4.590765180905238829e-02 4.379879449619986653e-01 0.000000000000000000e+00
4.833207823538293590e-02 4.290268806714797045e-01 0.000000000000000000e+00
5.046202519244336049e-02 4.200166582056086839e-01 0.000000000000000000e+00
5.232469128099008493e-02 4.109557267882614773e-01 0.000000000000000000e+00
5.394195012278909379e-02 4.018424458249514886e-01 0.000000000000000000e+00
5.533160871487004945e-02 3.926750771941349138e-01 0.000000000000000000e+00
5.650829776329687609e-02 3.834517766501991387e-01 0.000000000000000000e+00
5.748411640418456953e-02 3.741705842081954336e-01 0.000000000000000000e+00
5.826910815185436243e-02 3.648294133571092224e-01 0.000000000000000000e+00
5.887161782627724910e-02 3.554260389202155701e-01 0.000000000000000000e+00
5.929856253681556333e-02 3.459580833465984440e-01 0.000000000000000000e+00
5.955563921269246830e-02 3.364230011756041971e-01 0.000000000000000000e+00
5.964748425814889177e-02 3.268180613637919341e-01 0.000000000000000000e+00
5.957779627811146672e-02 3.171403270990217904e-01 0.000000000000000000e+00
5.934942963512503111e-02 3.073866326451907827e-01 0.000000000000000000e+00
5.896446434946813614e-02 2.975535566588392578e-01 0.000000000000000000e+00
5.842425621737172559e-02 2.876373912890383688e-01 0.000000000000000000e+00
5.772946978509590349e-02 2.776341062058081954e-01 0.000000000000000000e+00
5.688009583546451559e-02 2.675393064877316096e-01 0.000000000000000000e+00
5.587545421367658138e-02 2.573481830197527631e-01 0.000000000000000000e+00
5.471418205926151246e-02 2.470554536838583393e-01 0.000000000000000000e+00
5.339420674926831367e-02 2.366552931349913680e-01 0.000000000000000000e+00
5.191270201989771349e-02 2.261412482939196833e-01 0.000000000000000000e+00
5.026602473432245644e-02 2.155061357870203809e-01 0.000000000000000000e+00
4.844962848913966086e-02 2.047419163145485221e-01 0.000000000000000000e+00
4.645794853925317575e-02 1.938395391734203665e-01 0.000000000000000000e+00
4.428425012588271120e-02 1.827887476491579510e-01 0.000000000000000000e+00
4.192042883082700705e-02 1.715778323297033059e-01 0.000000000000000000e+00
3.935674642707402693e-02 1.601933139393574568e-01 0.000000000000000000e+00
3.658147780300223528e-02 1.486195289700754929e-01 0.000000000000000000e+00
3.359639742666917922e-02 1.368380783445326543e-01 0.000000000000000000e+00
3.053053275692571913e-02 1.248270782588996042e-01 0.000000000000000000e+00
2.740568880647428762e-02 1.125601170224213438e-01 0.000000000000000000e+00
2.424125122721493275e-02 1.000047599905779794e-01 0.000000000000000000e+00
2.105923606694731429e-02 8.712033140231528749e-02 0.000000000000000000e+00
1.788983716534876811e-02 7.385336529541393358e-02 0.000000000000000000e+00
1.464178010081585227e-02 6.016655584181392069e-02 0.000000000000000000e+00
1.123637324852879218e-02 4.602111330296414921e-02 0.000000000000000000e+00
7.789698130053606187e-03 3.143816208371612991e-02 0.000000000000000000e+00
4.482784335751869090e-03 1.889802595047676212e-02 0.000000000000000000e+00
1.705449014483255898e-03 9.375424739289928144e-03 0.000000000000000000e+00
1.718058768498790547e-04 2.864815754286327131e-03 0.000000000000000000e+00
4.545729166646778063e-02 0.000000000000000000e+00 1.337606385712740474e-03
