4.545729166646778063e-02 0.000000000000000000e+00 1.337606385712740474e-03
0.000000000000000000e+00 2.427487097530248508e-03 7.853921100893859059e-03
0.000000000000000000e+00 8.115212287679933814e-03 2.075031061894657899e-02
1.958171466369885614e-04 1.643993299819365705e-02 3.807639308555827579e-02
2.225040842534928287e-03 2.696945596241940440e-02 5.756938692629516574e-02
5.180523738093013170e-03 3.933892466002519156e-02 7.716679032479616118e-02
9.008434940880785669e-03 5.155811405476272424e-02 9.674038330878667602e-02
1.348272183454451642e-02 6.325069715275442872e-02 1.159327495628381388e-01
1.848767004330898953e-02 7.453580006457256879e-02 1.347188568171128753e-01
2.396527572964649022e-02 8.547548112549042953e-02 1.531576227913681587e-01
2.986739895434464484e-02 9.611635714813307474e-02 1.712942073240622254e-01
3.615329220821928563e-02 1.064946353378134758e-01 1.891642617004368476e-01
4.237959119829469434e-02 1.166391936134362206e-01 2.067965943294330367e-01
4.832303259167301107e-02 1.265735653439856723e-01 2.242149282012344536e-01
5.401965566423738707e-02 1.363172726819931457e-01 2.414391067884524844e-01
5.949580807916659414e-02 1.458867538943469933e-01 2.584859490292488737e-01
6.477291352573143202e-02 1.552960274614766101e-01 2.753698722846150693e-01
6.986871575162377501e-02 1.645571796960130784e-01 2.921033568451554263e-01
7.479813641390971324e-02 1.736807305843548477e-01 3.086972992191382992e-01
7.957388616037774920e-02 1.826759134690918163e-01 3.251612854879804559e-01
8.420691186947536211e-02 1.915508924211923036e-01 3.415038060221323168e-01
8.870673155295261125e-02 2.003129336686019502e-01 3.577324263956524475e-01
9.308169009950041650e-02 2.089685425610143255e-01 3.738539250569752337e-01
9.733915791180607069e-02 2.175235742812972328e-01 3.898744054073023380e-01
1.014856874963925709e-01 2.259833242794402064e-01 4.057993879239352175e-01
1.055271385355791569e-01 2.343526028476477507e-01 4.216338865437794792e-01
1.094687789577793308e-01 2.426357971508325551e-01 4.373824725013046866e-01
1.133153674709369285e-01 2.508369232309869967e-01 4.530493280711088144e-01
1.170712215979224646e-01 2.589596699221237142e-01 4.686382921153978143e-01
1.207402742429578846e-01 2.670074361814178121e-01 4.841528989252600335e-01
1.243261210912345732e-01 2.749833630188825984e-01 4.995964115332187649e-01
1.278320606124428438e-01 2.828903609626809423e-01 5.149718504363425264e-01
1.312611280452937734e-01 2.907311338092004038e-01 5.302820184851756435e-01
1.346161244447270366e-01 2.985081992615442603e-01 5.455295225503377088e-01
1.378996416493226407e-01 3.062239069464878227e-01 5.607167924658833513e-01
1.411140838545888732e-01 3.138804542104802198e-01 5.758460976591796010e-01
1.442616863447151176e-01 3.214799000242576921e-01 5.909195618057734301e-01
1.473445318313107710e-01 3.290241772688783928e-01 6.059391757904166731e-01
1.503645647658698181e-01 3.365151036302524434e-01 6.209068092090751501e-01
1.533236039275141793e-01 3.439543912922437552e-01 6.358242206090454207e-01
1.562233535356554737e-01 3.513436555881978562e-01 6.506930666334064250e-01
1.590654130952651457e-01 3.586844227460178613e-01 6.655149102106878711e-01
1.618512861485556509e-01 3.659781368414924962e-01 6.802912279095642001e-01
1.645823880791812688e-01 3.732261660576778883e-01 6.950234165609784354e-01
1.672600530923225859e-01 3.804298083340647008e-01 7.097127992354841375e-01
1.698855404754655574e-01 3.875902964774666781e-01 7.243606306513892257e-01
1.724600402290665246e-01 3.947088027966871859e-01 7.389681020789757859e-01
1.749846781434196696e-01 4.017864433146829395e-01 7.535363457973650592e-01
1.774605203873376447e-01 4.088242816048472950e-01 7.680664391532253665e-01
1.798885776651305557e-01 4.158233322920478203e-01 7.825594082641983418e-01
1.822698089907416885e-01 4.227845642539194149e-01 7.970162314045675656e-01
1.846051251214528288e-01 4.297089035535120449e-01 8.114378421060639557e-01
1.868953916880982946e-01 4.365972361306316163e-01 8.258251320027421016e-01
1.891414320539482330e-01 4.434504102759574407e-01 8.401789534454255914e-01
1.913440299305601833e-01 4.502692389092030067e-01 8.545001219082846156e-01
1.935039317752978438e-01 4.570545016801590421e-01 8.687894182074884508e-01
1.956218489923879089e-01 4.638069469093336061e-01 8.830475905496969480e-01
1.976984599567210843e-01 4.705272933830581539e-01 8.972753564261445325e-01
1.997344118774365407e-01 4.772162320163186866e-01 9.114734043664074470e-01
2.017303225163829816e-01 4.838744273951537944e-01 9.256423955644229595e-01
2.036867817749045961e-01 4.905025192092150599e-01 9.397829653880139800e-01
2.056043531608592878e-01 4.971011235839999931e-01 9.538957247820338825e-01
2.074835751465536060e-01 5.036708343213063266e-01 9.679812615741892889e-01
2.093249624271482090e-01 5.102122240555847510e-01 9.820401416917288184e-01
2.139571083552780084e-01 5.176466215444126551e-01 9.899469411064342195e-01
2.212919916919008079e-01 5.259673449672218615e-01 9.916330531455378461e-01
2.290104538390182187e-01 5.341842583819969015e-01 9.931665461236436343e-01
2.371620570917435111e-01 5.422901070659572609e-01 9.945403145138056455e-01
2.457200325986405032e-01 5.502863906381701975e-01 9.957551522912873043e-01
2.546549529742221929e-01 5.581748970458463299e-01 9.968124136983004258e-01
2.639361754915446334e-01 5.659576246408720701e-01 9.977139320001461309e-01
2.735329209631329195e-01 5.736367234173891383e-01 9.984619512378852813e-01
2.834150551208578506e-01 5.812144498202262977e-01 9.990590674022993278e-01
2.935536306957098329e-01 5.886931314835498474e-01 9.995081767889262281e-01
3.039212410648167717e-01 5.960751394318682950e-01 9.998124300773434392e-01
3.144922290752781291e-01 6.033628660125953669e-01 9.999751911545163852e-01
3.252427874622384474e-01 6.105587073101982343e-01 1.000000000000000000e+00
3.361509804627937359e-01 6.176650491158438561e-01 9.998905391406421872e-01
3.471967100775016357e-01 6.246842557509572069e-01 9.996506033051770768e-01
3.583616451175167805e-01 6.316186612027984149e-01 9.992840719891956658e-01
3.696291267478364895e-01 6.384705621463913072e-01 9.987948846936529623e-01
3.809840606566070043e-01 6.452422125136789699e-01 9.981870186351118335e-01
3.924128031581945453e-01 6.519358193363802290e-01 9.974644687493602335e-01
4.039030463607136689e-01 6.585535396397478314e-01 9.966312298262576252e-01
4.154437058822710860e-01 6.650974782042193834e-01 9.956912806251545511e-01
4.270248133774199872e-01 6.715696860436574100e-01 9.946485698288728416e-01
4.386374152433469842e-01 6.779721594744267943e-01 9.935070037012367905e-01
4.502734782370828026e-01 6.843068396703868572e-01 9.922704353191801330e-01
4.619258022879399461e-01 6.905756126160108588e-01 9.909426552560886003e-01
4.735879404843825191e-01 6.967803093840336803e-01 9.895273835984582655e-01
4.852541260137320789e-01 7.029227066758657605e-01 9.880282631834357288e-01
4.969192057075102475e-01 7.090045275729119911e-01 9.864488539503063480e-01
5.085785797731279256e-01 7.150274424552832686e-01 9.847926283046228857e-01
5.202281472580227994e-01 7.209930700514045609e-01 9.830629673993487305e-01
5.318642567833413715e-01 7.269029785879630445e-01 9.812631582431122768e-01
5.434836620922547379e-01 7.327586870146602926e-01 9.793963915514035667e-01
5.550834819768860617e-01 7.385616662825039702e-01 9.774657602621842356e-01
5.666611641732619553e-01 7.443133406579309774e-01 9.754742586429908657e-01
5.782144528424444374e-01 7.500150890581664953e-01 9.734247819220112063e-01
5.897413592862514875e-01 7.556682463957324902e-01 9.713201263808870500e-01
6.012401355759933175e-01 7.612741049222747636e-01 9.691629898520582875e-01
6.127092508019005290e-01 7.668339155636453297e-01 9.669559725682662643e-01
6.241473696784322067e-01 7.723488892397925021e-01 9.647015783164742952e-01
6.355533332664876633e-01 7.778201981642827167e-01 9.624022158527251181e-01
6.469261415973254215e-01 7.832489771193836825e-01 9.600602005386019711e-01
6.582649380047652654e-01 7.886363247035571566e-01 9.576777561637112024e-01
6.695689949920231587e-01 7.939833045489975705e-01 9.552570169221963337e-01
6.808377014775327529e-01 7.992909465074560238e-01 9.528000295145685472e-01
6.920705512801925696e-01 8.045602478031563809e-01 9.503087553491736950e-01
7.032671327190413990e-01 8.097921741520294203e-01 9.477850728204609831e-01
7.144271192154173500e-01 8.149876608468626937e-01 9.452307796437426912e-01
7.255502607973195461e-01 8.201476138082536282e-01 9.426475952285309212e-01
7.366363764161313332e-01 8.252729106014895510e-01 9.400371630746676699e-01
7.476853469952396969e-01 8.303644014196911449e-01 9.374010531774310540e-01
7.586971091383635235e-01 8.354229100336865166e-01 9.347407644295617768e-01
7.696716494329440827e-01 8.404492347092209492e-01 9.320577270097843980e-01
7.806089992905191899e-01 8.454441490921996705e-01 9.293533047488106158e-01
7.915092302720122541e-01 8.504084030627200308e-01 9.266287974651596926e-01
8.023724498511427550e-01 8.553427235587227617e-01 9.238854432642458203e-01
8.131987975738991237e-01 8.602478153701147434e-01 9.211244207952959950e-01
8.239884415762662728e-01 8.651243619042460198e-01 9.183468514615262812e-01
8.347415754262553778e-01 8.699730259236191365e-01 9.155538015798950768e-01
8.454584152595011615e-01 8.747944502567621683e-01 9.127462844874481007e-01
8.561391971809352297e-01 8.795892584831226380e-01 9.099252625919425075e-01
8.667841749076107272e-01 8.843580555929052567e-01 9.070916493650154067e-01
8.773936176302575829e-01 8.891014286227065799e-01 9.042463112766504496e-01
8.879678080733244272e-01 8.938199472678231006e-01 9.013900696701500070e-01
8.985070407351980482e-01 8.985141644720613385e-01 8.985237025772164765e-01
8.985230577338578772e-01 8.985077614048396777e-01 8.985247657823772771e-01
9.005932662466219485e-01 8.887507011170218130e-01 9.022161384494608027e-01
9.026232712479860254e-01 8.789266863102925820e-01 9.058722396440972435e-01
9.046115473286422404e-01 8.690344355417163325e-01 9.094909417816254837e-01
9.065564657925282432e-01 8.590726610160344112e-01 9.130700038713409628e-01
9.084562898158684563e-01 8.490400710641672344e-01 9.166070680543991767e-01
9.103091694490968999e-01 8.389353729162976059e-01 9.200996561873175938e-01
9.121131364703424227e-01 8.287572757933550083e-01 9.235451664947883499e-01
9.138660991015844504e-01 8.185044943419381713e-01 9.269408703182296927e-01
9.155658366016755645e-01 8.081757524387771507e-01 9.302839089894947566e-01
9.172099937538212844e-01 7.977697873917948268e-01 9.335712908622493256e-01
9.187960752689828814e-01 7.872853545656525176e-01 9.367998885368350459e-01
9.203214401310493287e-01 7.767212324602391638e-01 9.399664363179348614e-01
9.217832959145803029e-01 7.660762282708795112e-01 9.430675279479291406e-01
9.231786931113959982e-01 7.553491839590085188e-01 9.460996146625902936e-01
9.245045195085378475e-01 7.445389828615225358e-01 9.490590036196054902e-01
9.257574946668946092e-01 7.336445568660063810e-01 9.519418567542987653e-01
9.269341645573638822e-01 7.226648941772890744e-01 9.547441901208374437e-01
9.280308964197714339e-01 7.115990476982000379e-01 9.574618737810992597e-01
9.290438739187890649e-01 7.004461440438474185e-01 9.600906323071303206e-01
9.299690926809545122e-01 6.892053932039564623e-01 9.626260459667322911e-01
9.308023563075354945e-01 6.778760988616066019e-01 9.650635526650711560e-01
9.315392729693134921e-01 6.664576693687885856e-01 9.673984507181746517e-01
9.321752527013907885e-01 6.549496293693030102e-01 9.696259025367219841e-01
9.327055055287736263e-01 6.433516320472462136e-01 9.717409393004960982e-01
9.331250405665552083e-01 6.316634719643181572e-01 9.737384667050863474e-01
9.334286662518833655e-01 6.198850984309761669e-01 9.756132718628653944e-01
9.336109918783530581e-01 6.080166293345025119e-01 9.773600314396695410e-01
9.336664306165799454e-01 5.960583653208541000e-01 9.789733211068928354e-01
9.335892042173166150e-01 5.840108041959596319e-01 9.804476263857208052e-01
9.333733496048818301e-01 5.718746553752616091e-01 9.817773549557676782e-01
9.330127275786127550e-01 5.596508541668511194e-01 9.829568504944226071e-01
9.325010338475834271e-01 5.473405756226001895e-01 9.839804081054628337e-01
9.318318126285474179e-01 5.349452476320647465e-01 9.848422913860320760e-01
9.309984730379070594e-01 5.224665628643437865e-01 9.855367511696958571e-01
9.299943085047455149e-01 5.099064890819109408e-01 9.860580459700262201e-01
9.288125194225708148e-01 4.972672772558228149e-01 9.864004641340194945e-01
9.274462392414701828e-01 4.845514668012390613e-01 9.865583476976791388e-01
9.258885641789207366e-01 4.717618871228374533e-01 9.865261179175420780e-01
9.241325866956124901e-01 4.589016545076469722e-01 9.862983024319393888e-01
9.221714328416460438e-01 4.459741632227604002e-01 9.858695639847500081e-01
9.199983035278171961e-01 4.329830694604001606e-01 9.852347306229369828e-01
9.176065197161635822e-01 4.199322665133994881e-01 9.843888272576309939e-01
9.149895714539577618e-01 4.068258492467732301e-01 9.833271084580135213e-01
9.121411705965101202e-01 3.936680655372994941e-01 9.820450923284853584e-01
9.090553069782056905e-01 3.804632518561294474e-01 9.805385953039966740e-01
9.057263077004266139e-01 3.672157495314634090e-01 9.788037676871692572e-01
9.021488991127880608e-01 3.539297973942925890e-01 9.768371297458744440e-01
8.983182709747895567e-01 3.406093953998122204e-01 9.746356081932056048e-01
8.942301422041556425e-01 3.272581323118098906e-01 9.721965728857332456e-01
8.898808275525742495e-01 3.138789684599175289e-01 9.695178736037963763e-01
8.852673045074521685e-01 3.004739616610070940e-01 9.665978768229259721e-01
8.803872797092656688e-01 2.870439202213196928e-01 9.634355024534503320e-01
8.752392542096326666e-01 2.735879608519034556e-01 9.600302606223287682e-01
8.698225869892119988e-01 2.601029402864135642e-01 9.563822887064126199e-01
8.641375563243695046e-01 2.465827156554546151e-01 9.524923890127999782e-01
8.581854188605247957e-01 2.330171673082402362e-01 9.483620677593673776e-01
8.519684666513888116e-01 2.193908836392093331e-01 9.439935763676352565e-01
8.454900830080112062e-01 2.056813512443832481e-01 9.393899565905516891e-01
8.387547988536111498e-01 1.918563977605907689e-01 9.345550917428727677e-01
8.317683525457819638e-01 1.778704640658290703e-01 9.294937674274414974e-01
8.245377580760928637e-01 1.636589639001830854e-01 9.242117469236269534e-01
8.170713897129314729e-01 1.491293585990908499e-01 9.187158693395660602e-01
8.093967955704974848e-01 1.340720036108560553e-01 9.130304786434627617e-01
8.001361589597808521e-01 1.266576990591504470e-01 9.038853177394696736e-01
7.893194591347914013e-01 1.277386859518314932e-01 8.913112190896390619e-01
7.784722368177205976e-01 1.286863554966989898e-01 8.787081144966878421e-01
7.675938701771175543e-01 1.295052283360473844e-01 8.660754193450947991e-01
7.566837140284858876e-01 1.301993571246149728e-01 8.534125268432954936e-01
7.457410985524788316e-01 1.307723783103839632e-01 8.407188068048785379e-01
7.347653279197607912e-01 1.312275559593033269e-01 8.279936043412818858e-01
7.237556788140243613e-01 1.315678189983094104e-01 8.152362384579043830e-01
7.127113988437004943e-01 1.317957929714943799e-01 8.024460005447329181e-01
7.016317048318270189e-01 1.319138271874538970e-01 7.896221527515233651e-01
6.905157809723300177e-01 1.319240179660134960e-01 7.767639262364867125e-01
6.793627768396325317e-01 1.318282285584145563e-01 7.638705192761365836e-01
6.681718052369048921e-01 1.316281062081738062e-01 7.509410952224744307e-01
6.569419398665204968e-01 1.313250967339063824e-01 7.379747802920699762e-01
6.456722128042522435e-01 1.309204569456079992e-01 7.249706611696522529e-01
6.343616117563882773e-01 1.304152651487769932e-01 7.119277824066860827e-01
6.230090770763101471e-01 1.298104299433371356e-01 6.988451435928945132e-01
6.116134985139561886e-01 1.291066974846026283e-01 6.857216962758336809e-01
6.001737116680422313e-01 1.283046573397050583e-01 6.725563406002927902e-01
5.886884941067952459e-01 1.274047470435330232e-01 6.593479216354832806e-01
5.771565611181415090e-01 1.264072554324280340e-01 6.460952253534983925e-01
5.655765610446776837e-01 1.253123248104243970e-01 6.327969742173698009e-01
5.539470701522442031e-01 1.241199519810356200e-01 6.194518223309619653e-01
5.422665869731762012e-01 1.228299881567822827e-01 6.060583500958703906e-01
5.305335260562729083e-01 1.214421377379748396e-01 5.926150583121042592e-01
5.187462110447909058e-01 1.199559559311417223e-01 5.791203616494849937e-01
5.069028669910125018e-01 1.183708451551759439e-01 5.655725814049862299e-01
4.950016118007408705e-01 1.166860501588905252e-01 5.519699374473099329e-01
4.830404466828767673e-01 1.149006517463735250e-01 5.383105392333318306e-01
4.710172454572504330e-01 1.130135589751896791e-01 5.245923757610577720e-01
4.589297425474135883e-01 1.110234996556552362e-01 5.108133042995842699e-01
4.467755194527552320e-01 1.089290089355391122e-01 4.969710377072775742e-01
4.345519894548909856e-01 1.067284157012415441e-01 4.830631301136756317e-01
4.222563802646937536e-01 1.044198264610513155e-01 4.690869606968455785e-01
4.098857142562390421e-01 1.020011062945651303e-01 4.550397152338991891e-01
3.974367858590580060e-01 9.946985634977953405e-02 4.409183650353308281e-01
3.849061355860905476e-01 9.682338723876798836e-02 4.267196427900012967e-01
3.722900200559023931e-01 9.405868751482807100e-02 4.124400147420994034e-01
3.595843772162315433e-01 9.117238619535333877e-02 3.980756484875249135e-01
3.467847857810905099e-01 8.816070800700269439e-02 3.836223755058923990e-01
3.338864176407632112e-01 8.501941964649911698e-02 3.690756473233560708e-01
3.208839816723634275e-01 8.174376483337228438e-02 3.544304839134694296e-01
3.077716569388265211e-01 7.832838522367219225e-02 3.396814125642008686e-01
2.945430126740463117e-01 7.476722327132999391e-02 3.248223949344941630e-01
2.811909116492807836e-01 7.105340173686955363e-02 3.098467393436181161e-01
2.677073924088640977e-01 6.717907254850580268e-02 2.947469944077493187e-01
2.540835243113360176e-01 6.313522479339538085e-02 2.795148188512668885e-01
2.403092270981977419e-01 5.891143722134193489e-02 2.641408205083781158e-01
2.263730434913607537e-01 5.449555387108848820e-02 2.486143549343914072e-01
2.122618485295604540e-01 4.987325068369820313e-02 2.329232702522586185e-01
1.979604720497669945e-01 4.502744333047766639e-02 2.170535791949011195e-01
1.834511992653261037e-01 3.993745637306827384e-02 2.009890306362991375e-01
1.687130958430926864e-01 3.457351172681371460e-02 1.847105392776720589e-01
1.537210727071290917e-01 2.924228646303184131e-02 1.681954100680680686e-01
1.384445510927592993e-01 2.414825080644930622e-02 1.514162568923492491e-01
1.228454873818439624e-01 1.933130286709982062e-02 1.343394505082953494e-01
1.068753191546023273e-01 1.483724596439837604e-02 1.169228134635014044e-01
9.046997570333739636e-02 1.071970547869121812e-02 9.911205746763052105e-02
7.354112918999115844e-02 7.043076488431949944e-03 8.083502242900919565e-02
5.595934987308651132e-02 3.887328306156908209e-03 6.199192721879071694e-02
3.751719912728843087e-02 1.356451078543523302e-03 4.243859513065133954e-02
1.994003154294311450e-02 0.000000000000000000e+00 2.347314023857764026e-02
6.972843968177466420e-03 0.000000000000000000e+00 8.973999703169272674e-03
4.545729166646778063e-02 0.000000000000000000e+00 1.337606385712740474e-03
