4.545729166646778063e-02 0.000000000000000000e+00 1.337606385712740474e-03
0.000000000000000000e+00 2.427487097530248508e-03 7.853921100893859059e-03
0.000000000000000000e+00 8.115212287679933814e-03 2.075031061894657899e-02
1.958171466369885614e-04 1.643993299819365705e-02 3.807639308555827579e-02
2.225040842534928287e-03 2.696945596241940440e-02 5.756938692629516574e-02
5.180523738093013170e-03 3.933892466002519156e-02 7.716679032479616118e-02
9.008434940880785669e-03 5.155811405476272424e-02 9.674038330878667602e-02
1.348272183454451642e-02 6.325069715275442872e-02 1.159327495628381388e-01
1.848767004330898953e-02 7.453580006457256879e-02 1.347188568171128753e-01
2.396527572964649022e-02 8.547548112549042953e-02 1.531576227913681587e-01
2.986739895434464484e-02 9.611635714813307474e-02 1.712942073240622254e-01
3.615329220821928563e-02 1.064946353378134758e-01 1.891642617004368476e-01
4.237959119829469434e-02 1.166391936134362206e-01 2.067965943294330367e-01
4.832303259167301107e-02 1.265735653439856723e-01 2.242149282012344536e-01
5.401965566423738707e-02 1.363172726819931457e-01 2.414391067884524844e-01
5.949580807916659414e-02 1.458867538943469933e-01 2.584859490292488737e-01
6.477291352573143202e-02 1.552960274614766101e-01 2.753698722846150693e-01
6.986871575162377501e-02 1.645571796960130784e-01 2.921033568451554263e-01
7.479813641390971324e-02 1.736807305843548477e-01 3.086972992191382992e-01
7.957388616037774920e-02 1.826759134690918163e-01 3.251612854879804559e-01
8.420691186947536211e-02 1.915508924211923036e-01 3.415038060221323168e-01
8.870673155295261125e-02 2.003129336686019502e-01 3.577324263956524475e-01
9.308169009950041650e-02 2.089685425610143255e-01 3.738539250569752337e-01
9.733915791180607069e-02 2.175235742812972328e-01 3.898744054073023380e-01
1.014856874963925709e-01 2.259833242794402064e-01 4.057993879239352175e-01
1.055271385355791569e-01 2.343526028476477507e-01 4.216338865437794792e-01
1.094687789577793308e-01 2.426357971508325551e-01 4.373824725013046866e-01
1.133153674709369285e-01 2.508369232309869967e-01 4.530493280711088144e-01
1.170712215979224646e-01 2.589596699221237142e-01 4.686382921153978143e-01
1.207402742429578846e-01 2.670074361814178121e-01 4.841528989252600335e-01
1.243261210912345732e-01 2.749833630188825984e-01 4.995964115332187649e-01
1.278320606124428438e-01 2.828903609626809423e-01 5.149718504363425264e-01
1.312611280452937734e-01 2.907311338092004038e-01 5.302820184851756435e-01
1.346161244447270366e-01 2.985081992615442603e-01 5.455295225503377088e-01
1.378996416493226407e-01 3.062239069464878227e-01 5.607167924658833513e-01
1.411140838545888732e-01 3.138804542104802198e-01 5.758460976591796010e-01
1.442616863447151176e-01 3.214799000242576921e-01 5.909195618057734301e-01
1.473445318313107710e-01 3.290241772688783928e-01 6.059391757904166731e-01
1.503645647658698181e-01 3.365151036302524434e-01 6.209068092090751501e-01
1.533236039275141793e-01 3.439543912922437552e-01 6.358242206090454207e-01
1.562233535356554737e-01 3.513436555881978562e-01 6.506930666334064250e-01
1.590654130952651457e-01 3.586844227460178613e-01 6.655149102106878711e-01
1.618512861485556509e-01 3.659781368414924962e-01 6.802912279095642001e-01
1.645823880791812688e-01 3.732261660576778883e-01 6.950234165609784354e-01
1.672600530923225859e-01 3.804298083340647008e-01 7.097127992354841375e-01
1.698855404754655574e-01 3.875902964774666781e-01 7.243606306513892257e-01
1.724600402290665246e-01 3.947088027966871859e-01 7.389681020789757859e-01
1.749846781434196696e-01 4.017864433146829395e-01 7.535363457973650592e-01
1.774605203873376447e-01 4.088242816048472950e-01 7.680664391532253665e-01
1.798885776651305557e-01 4.158233322920478203e-01 7.825594082641983418e-01
1.822698089907416885e-01 4.227845642539194149e-01 7.970162314045675656e-01
1.846051251214528288e-01 4.297089035535120449e-01 8.114378421060639557e-01
1.868953916880982946e-01 4.365972361306316163e-01 8.258251320027421016e-01
1.891414320539482330e-01 4.434504102759574407e-01 8.401789534454255914e-01
1.913440299305601833e-01 4.502692389092030067e-01 8.545001219082846156e-01
1.935039317752978438e-01 4.570545016801590421e-01 8.687894182074884508e-01
1.956218489923879089e-01 4.638069469093336061e-01 8.830475905496969480e-01
1.976984599567210843e-01 4.705272933830581539e-01 8.972753564261445325e-01
1.997344118774365407e-01 4.772162320163186866e-01 9.114734043664074470e-01
2.017303225163829816e-01 4.838744273951537944e-01 9.256423955644229595e-01
2.036867817749045961e-01 4.905025192092150599e-01 9.397829653880139800e-01
2.056043531608592878e-01 4.971011235839999931e-01 9.538957247820338825e-01
2.074835751465536060e-01 5.036708343213063266e-01 9.679812615741892889e-01
2.093249624271482090e-01 5.102122240555847510e-01 9.820401416917288184e-01
2.139571083552780084e-01 5.176466215444126551e-01 9.899469411064342195e-01
2.212919916919008079e-01 5.259673449672218615e-01 9.916330531455378461e-01
2.290104538390182187e-01 5.341842583819969015e-01 9.931665461236436343e-01
2.371620570917435111e-01 5.422901070659572609e-01 9.945403145138056455e-01
2.457200325986405032e-01 5.502863906381701975e-01 9.957551522912873043e-01
2.546549529742221929e-01 5.581748970458463299e-01 9.968124136983004258e-01
2.639361754915446334e-01 5.659576246408720701e-01 9.977139320001461309e-01
2.735329209631329195e-01 5.736367234173891383e-01 9.984619512378852813e-01
2.834150551208578506e-01 5.812144498202262977e-01 9.990590674022993278e-01
2.935536306957098329e-01 5.886931314835498474e-01 9.995081767889262281e-01
3.039212410648167717e-01 5.960751394318682950e-01 9.998124300773434392e-01
3.144922290752781291e-01 6.033628660125953669e-01 9.999751911545163852e-01
3.252427874622384474e-01 6.105587073101982343e-01 1.000000000000000000e+00
3.361509804627937359e-01 6.176650491158438561e-01 9.998905391406421872e-01
3.471967100775016357e-01 6.246842557509572069e-01 9.996506033051770768e-01
3.583616451175167805e-01 6.316186612027984149e-01 9.992840719891956658e-01
3.696291267478364895e-01 6.384705621463913072e-01 9.987948846936529623e-01
3.809840606566070043e-01 6.452422125136789699e-01 9.981870186351118335e-01
3.924128031581945453e-01 6.519358193363802290e-01 9.974644687493602335e-01
4.039030463607136689e-01 6.585535396397478314e-01 9.966312298262576252e-01
4.154437058822710860e-01 6.650974782042193834e-01 9.956912806251545511e-01
4.270248133774199872e-01 6.715696860436574100e-01 9.946485698288728416e-01
4.386374152433469842e-01 6.779721594744267943e-01 9.935070037012367905e-01
4.502734782370828026e-01 6.843068396703868572e-01 9.922704353191801330e-01
4.619258022879399461e-01 6.905756126160108588e-01 9.909426552560886003e-01
4.735879404843825191e-01 6.967803093840336803e-01 9.895273835984582655e-01
4.852541260137320789e-01 7.029227066758657605e-01 9.880282631834357288e-01
4.969192057075102475e-01 7.090045275729119911e-01 9.864488539503063480e-01
5.085785797731279256e-01 7.150274424552832686e-01 9.847926283046228857e-01
5.202281472580227994e-01 7.209930700514045609e-01 9.830629673993487305e-01
5.318642567833413715e-01 7.269029785879630445e-01 9.812631582431122768e-01
5.434836620922547379e-01 7.327586870146602926e-01 9.793963915514035667e-01
5.550834819768860617e-01 7.385616662825039702e-01 9.774657602621842356e-01
5.666611641732619553e-01 7.443133406579309774e-01 9.754742586429908657e-01
5.782144528424444374e-01 7.500150890581664953e-01 9.734247819220112063e-01
5.897413592862514875e-01 7.556682463957324902e-01 9.713201263808870500e-01
6.012401355759933175e-01 7.612741049222747636e-01 9.691629898520582875e-01
6.127092508019005290e-01 7.668339155636453297e-01 9.669559725682662643e-01
6.241473696784322067e-01 7.723488892397925021e-01 9.647015783164742952e-01
6.355533332664876633e-01 7.778201981642827167e-01 9.624022158527251181e-01
6.469261415973254215e-01 7.832489771193836825e-01 9.600602005386019711e-01
6.582649380047652654e-01 7.886363247035571566e-01 9.576777561637112024e-01
6.695689949920231587e-01 7.939833045489975705e-01 9.552570169221963337e-01
6.808377014775327529e-01 7.992909465074560238e-01 9.528000295145685472e-01
6.920705512801925696e-01 8.045602478031563809e-01 9.503087553491736950e-01
7.032671327190413990e-01 8.097921741520294203e-01 9.477850728204609831e-01
7.144271192154173500e-01 8.149876608468626937e-01 9.452307796437426912e-01
7.255502607973195461e-01 8.201476138082536282e-01 9.426475952285309212e-01
7.366363764161313332e-01 8.252729106014895510e-01 9.400371630746676699e-01
7.476853469952396969e-01 8.303644014196911449e-01 9.374010531774310540e-01
7.586971091383635235e-01 8.354229100336865166e-01 9.347407644295617768e-01
7.696716494329440827e-01 8.404492347092209492e-01 9.320577270097843980e-01
7.806089992905191899e-01 8.454441490921996705e-01 9.293533047488106158e-01
7.915092302720122541e-01 8.504084030627200308e-01 9.266287974651596926e-01
8.023724498511427550e-01 8.553427235587227617e-01 9.238854432642458203e-01
8.131987975738991237e-01 8.602478153701147434e-01 9.211244207952959950e-01
8.239884415762662728e-01 8.651243619042460198e-01 9.183468514615262812e-01
8.347415754262553778e-01 8.699730259236191365e-01 9.155538015798950768e-01
8.454584152595011615e-01 8.747944502567621683e-01 9.127462844874481007e-01
8.561391971809352297e-01 8.795892584831226380e-01 9.099252625919425075e-01
8.667841749076107272e-01 8.843580555929052567e-01 9.070916493650154067e-01
8.773936176302575829e-01 8.891014286227065799e-01 9.042463112766504496e-01
8.879678080733244272e-01 8.938199472678231006e-01 9.013900696701500070e-01
8.985070407351980482e-01 8.985141644720613385e-01 8.985237025772164765e-01
8.985201634579609298e-01 8.985111990398223503e-01 8.985027413036723587e-01
8.983170568021999758e-01 8.914798698293209256e-01 8.848547600203677810e-01
8.980855661019524483e-01 8.844200310814217536e-01 8.711778520917583535e-01
8.978251159410068905e-01 8.773312641559010139e-01 8.574717563214578897e-01
8.975351084598359730e-01 8.702131429481017033e-01 8.437362159100839643e-01
8.972149225613191836e-01 8.630652337928308437e-01 8.299709789852044439e-01
8.968639130894716649e-01 8.558870953710132623e-01 8.161757991464893003e-01
8.964814099804740977e-01 8.486782786195021799e-01 8.023504360226452192e-01
8.960667173855072498e-01 8.414383266443768994e-01 7.884946558356794588e-01
8.956191127647197270e-01 8.341667746381569160e-01 7.746082319667952909e-01
8.951378459518406494e-01 8.268631498013294667e-01 7.606909455166970258e-01
8.946221381889134516e-01 8.195269712685905317e-01 7.467425858512461989e-01
8.940711811306432111e-01 8.121577500402694660e-01 7.327629511211659619e-01
8.934841358179970161e-01 8.047549889193289507e-01 7.187518487417768887e-01
8.928601316206353777e-01 7.973181824544113283e-01 7.047090958154439422e-01
8.921982651479121174e-01 7.898468168893461039e-01 6.906345194753860106e-01
8.914975991282223511e-01 7.823403701195426052e-01 6.765279571245990109e-01
8.907571612565768904e-01 7.747983116556672600e-01 6.623892565376572339e-01
8.899759430103897362e-01 7.672201025949785258e-01 6.482182757858343525e-01
8.891528984336154462e-01 7.596051956006232286e-01 6.340148829370049199e-01
8.882869428894679675e-01 7.519530348891734217e-01 6.197789554707420212e-01
8.873769517822233110e-01 7.442630562265543093e-01 6.055103793354417174e-01
8.864217592486849373e-01 7.365346869324421730e-01 5.912090475574520720e-01
8.854201568202604289e-01 7.287673458930467030e-01 5.768748582913408862e-01
8.843708920567677767e-01 7.209604435820383683e-01 5.625077121744426201e-01
8.832726671534997243e-01 7.131133820891357722e-01 5.481075088163283038e-01
8.821241375234253335e-01 7.052255551556209090e-01 5.336741422131009438e-01
8.809239103568445861e-01 6.972963482157201742e-01 5.192074948249549848e-01
8.796705431614396664e-01 6.893251384423437766e-01 5.047074299902893912e-01
8.783625422862221255e-01 6.813112947952471021e-01 4.901737822666156208e-01
8.769983614337242273e-01 6.732541780690139976e-01 4.756063451820666255e-01
8.755764001657129203e-01 6.651531409375862625e-01 4.610048557441090988e-01
8.740950024088008918e-01 6.570075279911952171e-01 4.463689748739041452e-01
8.725524549677742270e-01 6.488166757604931778e-01 4.316982627018776109e-01
8.709469860560409282e-01 6.405799127215071609e-01 4.169921473531505995e-01
8.692767638547376219e-01 6.322965592735285689e-01 4.022498854436222793e-01
8.675398951144425164e-01 6.239659276803960486e-01 3.874705119605130199e-01
8.657344238165132211e-01 6.155873219635923377e-01 3.726527764601518800e-01
8.638583299148238082e-01 6.071600377332546650e-01 3.577950615008764768e-01
8.619095281832106492e-01 5.986833619405009799e-01 3.428952778220996089e-01
8.598858671995209813e-01 5.901565725313920874e-01 3.279507288045828695e-01
8.577851285040647422e-01 5.815789379793094849e-01 3.129579339306921559e-01
8.556050259784930834e-01 5.729497166686599030e-01 2.979123968842262715e-01
8.533432055013540074e-01 5.642681560984225131e-01 2.828082979137272468e-01
8.509972449486515877e-01 5.555334918694480040e-01 2.676380810316853487e-01
8.485646546223676312e-01 5.467449464144876758e-01 2.523918926919429540e-01
8.460428782070688047e-01 5.379017274250051939e-01 2.370568065962295190e-01
8.434292943747444538e-01 5.290030259240919852e-01 2.216157335435532394e-01
8.407212191807754698e-01 5.200480139307721572e-01 2.060458552046219582e-01
8.379159094191931390e-01 5.110358416580009777e-01 1.903163159272903693e-01
8.350105671321932377e-01 5.019656341855640580e-01 1.743847154469854444e-01
8.320023454956487763e-01 4.928364875505812370e-01 1.581915773769562439e-01
8.288883563265865284e-01 4.836474642032133064e-01 1.416512135722854948e-01
8.256656794761747520e-01 4.743975877843924494e-01 1.246357299619227227e-01
8.223313743772924234e-01 4.650858371964765592e-01 1.069448159603667708e-01
8.188824940022985110e-01 4.557111399568925525e-01 8.824249394279984338e-02
8.153161014458720768e-01 4.462723648488344241e-01 6.790351463593473358e-02
8.116292892721480579e-01 4.367683139110165036e-01 4.454050037437086440e-02
8.078192016496232863e-01 4.271977138397584639e-01 1.738893367285760175e-02
8.038830591436344486e-01 4.175592069129058226e-01 0.000000000000000000e+00
7.998181858609023642e-01 4.078513415946097842e-01 0.000000000000000000e+00
7.956220384841971027e-01 3.980725630677506288e-01 0.000000000000000000e+00
7.912922366787085160e-01 3.882212041281828396e-01 0.000000000000000000e+00
7.868284031719606775e-01 3.782971826565909024e-01 0.000000000000000000e+00
7.792999572556935650e-01 3.710522732795356049e-01 0.000000000000000000e+00
7.687802346068982606e-01 3.665082738727921674e-01 0.000000000000000000e+00
7.582257478196920975e-01 3.619410634119268333e-01 0.000000000000000000e+00
7.476357951068977048e-01 3.573501217245702577e-01 0.000000000000000000e+00
7.370096488077930719e-01 3.527349086304271131e-01 0.000000000000000000e+00
7.263465539913107616e-01 3.480948628118282762e-01 0.000000000000000000e+00
7.156457269592673143e-01 3.434294005994611432e-01 0.000000000000000000e+00
7.049063536406607877e-01 3.387379146652810258e-01 0.000000000000000000e+00
6.941275878670938315e-01 3.340197726136812095e-01 0.000000000000000000e+00
6.833085495183059965e-01 3.292743154609586442e-01 0.000000000000000000e+00
6.724483225255164509e-01 3.245008559919540514e-01 0.000000000000000000e+00
6.615459527189291311e-01 3.196986769813710549e-01 0.000000000000000000e+00
6.506004455041114465e-01 3.148670292657635983e-01 0.000000000000000000e+00
6.396107633501822987e-01 3.100051296504087173e-01 0.000000000000000000e+00
6.285758230706638416e-01 3.051121586332598001e-01 0.000000000000000000e+00
6.174944928754917406e-01 3.001872579258577090e-01 0.000000000000000000e+00
6.063655891699842870e-01 2.952295277483680813e-01 0.000000000000000000e+00
5.951878730734659895e-01 2.902380238728150541e-01 0.000000000000000000e+00
5.839600466266393619e-01 2.852117543849729819e-01 0.000000000000000000e+00
5.726807486527203395e-01 2.801496761311280115e-01 0.000000000000000000e+00
5.613485502325133991e-01 2.750506908110421089e-01 0.000000000000000000e+00
5.499619497480657815e-01 2.699136406726470594e-01 0.000000000000000000e+00
5.385193674430743815e-01 2.647373037572023358e-01 0.000000000000000000e+00
5.270191394406013030e-01 2.595203886356351464e-01 0.000000000000000000e+00
5.154595111497909388e-01 2.542615285672376046e-01 0.000000000000000000e+00
5.038386299827755099e-01 2.489592750005771571e-01 0.000000000000000000e+00
4.921545372905687388e-01 2.436120903229192503e-01 0.000000000000000000e+00
4.804051594120387625e-01 2.382183397481634213e-01 1.018289039172276230e-03
4.685882977124795623e-01 2.327762822136902887e-01 2.292930257909069416e-03
4.567016174673042550e-01 2.272840601326650556e-01 3.465020392246845760e-03
4.447426354210740618e-01 2.217396878193523824e-01 4.535182623490890443e-03
4.327087058214918458e-01 2.161410383694210846e-01 5.504093705970290740e-03
4.205970046907864801e-01 2.104858287334029354e-01 6.372489494339206133e-03
4.084045120514673277e-01 2.047716026671303202e-01 7.141171266539972362e-03
3.961279917674463413e-01 1.989957111751864682e-01 7.811012993584721432e-03
3.837639685923665556e-01 1.931552899782096877e-01 8.382969742894298693e-03
3.713087019306359760e-01 1.872472334271088890e-01 8.858087447419811869e-03
3.587581557084286166e-01 1.812681641497647100e-01 9.237514331378086918e-03
3.461079636148926553e-01 1.752143975390331732e-01 9.522514359514941407e-03
3.333533887990416389e-01 1.690818999615549267e-01 9.714483176355053276e-03
3.204892768828442873e-01 1.628662392665863323e-01 9.814967133269795335e-03
3.075100008585282541e-01 1.565625257767985778e-01 9.825686176041509637e-03
2.944093960538259336e-01 1.501653414116357610e-01 9.748561600544202246e-03
2.811806828380157830e-01 1.436686538745791941e-01 9.585750002887931734e-03
2.678163740537092830e-01 1.370657118495225979e-01 9.339685187234231939e-03
2.543081632200560049e-01 1.303489157800898079e-01 9.013130399857989875e-03
2.406467882502628386e-01 1.235096568690502994e-01 8.609244106538096325e-03
2.268218635880214218e-01 1.165381141530444642e-01 8.131663734282605985e-03
2.128216710228560959e-01 1.094229954357869850e-01 7.584613528838928843e-03
1.986328955565550003e-01 1.021512017762059854e-01 6.973045200982600118e-03
1.842402868356813883e-01 9.470738591337381218e-02 6.302823762725758353e-03
1.696262175923272109e-01 8.707336037154000952e-02 5.580976551918010939e-03
1.547700960276043036e-01 7.922728727427223727e-02 4.816031983636340046e-03
1.396475650097738497e-01 7.114254211135494221e-02 4.018487813895544117e-03
1.242293793187246448e-01 6.278607416959315624e-02 3.201469591410224802e-03
1.084797764421637223e-01 5.411595878651612873e-02 2.381673414082860832e-03
9.235401038193666312e-02 4.507758852386815895e-02 1.580741189641603943e-03
7.579441568616956948e-02 3.558932985809438315e-02 8.273037792764511384e-04
5.871938313871837012e-02 2.633743693646374909e-02 1.594118389252373931e-04
4.133535474572637425e-02 1.804972945555309224e-02 0.000000000000000000e+00
2.489528339908065810e-02 1.082387885715764206e-02 0.000000000000000000e+00
1.268653898419731807e-02 5.034546370436319626e-03 0.000000000000000000e+00
4.152360885335304973e-03 1.293810252425827692e-03 0.000000000000000000e+00
4.545729166646778063e-02 0.000000000000000000e+00 1.337606385712740474e-03
