4.456104450235441605e-02 0.000000000000000000e+00 1.311233808598136555e-03
0.000000000000000000e+00 2.379626163732290883e-03 7.699071257099960285e-03
0.000000000000000000e+00 7.955210762459806115e-03 2.034119238147751724e-02
1.919563675204968541e-04 1.611579922806160095e-02 3.732566953667226101e-02
2.181171388987404765e-03 2.643771952283233140e-02 5.643433470736814589e-02
5.078383255484524711e-03 3.856330872750308308e-02 7.564535087125857926e-02
8.830822417721605894e-03 5.054158157307286209e-02 9.483302607263841000e-02
1.321689316843298670e-02 6.200363082141013837e-02 1.136469909042288062e-01
1.812316258499065830e-02 7.306623386333600811e-02 1.320627066385927084e-01
2.349277044782094315e-02 8.379022547669302823e-02 1.501379293592061126e-01
2.927852595661565790e-02 9.422130336554120078e-02 1.679169285220238617e-01
3.544048499012274200e-02 1.043949608650113769e-01 1.854346525027626980e-01
4.154402473502091103e-02 1.143395065298428714e-01 2.027193417166739675e-01
4.737028377330043671e-02 1.240780097393180403e-01 2.197942514256210900e-01
5.295459082160033221e-02 1.336296077423982653e-01 2.366788338634195077e-01
5.832277406607952464e-02 1.430104147050511587e-01 2.533895763619016805e-01
6.349583480127192481e-02 1.522341727158915137e-01 2.699406120258169839e-01
6.849116693476745010e-02 1.613127297908323321e-01 2.863441750812849573e-01
7.332339792456450678e-02 1.702563985016278258e-01 3.026109471983315924e-01
7.800498781218763444e-02 1.790742301440101381e-01 3.187503254568302968e-01
8.254666764473125862e-02 1.877742278241125440e-01 3.347706328289956623e-01
8.695776777448040173e-02 1.963635145071400134e-01 3.506792857241636252e-01
9.124646856024413999e-02 2.048484672817084407e-01 3.664829289452088967e-01
9.541999508803422625e-02 2.132348258884574077e-01 3.821875455571711044e-01
9.948477067354030701e-02 2.215277813709795318e-01 3.977985471942607765e-01
1.034465394681411410e-01 2.297320491805728837e-01 4.133208489373680905e-01
1.073104655364754551e-01 2.378519299837256185e-01 4.287589318933772708e-01
1.110812137626286389e-01 2.458913606411565755e-01 4.441168958781297471e-01
1.147630165441263506e-01 2.538539572569179503e-01 4.593985040658782326e-01
1.183597292430817599e-01 2.617430517735077067e-01 4.746072210647570566e-01
1.218748766512709608e-01 2.695617232720116108e-01 4.897462455725362096e-01
1.253116922049430371e-01 2.773128248959021436e-01 5.048185385334197361e-01
1.286731512992947135e-01 2.849990071328509234e-01 5.198268475362597396e-01
1.319619997629762065e-01 2.926227380463065075e-01 5.347737280539726079e-01
1.351807783332394375e-01 3.001863209372236940e-01 5.496615620134057689e-01
1.383318438038815545e-01 3.076919098286275411e-01 5.644925740973371076e-01
1.414173873876780896e-01 3.151415230960799008e-01 5.792688461104033015e-01
1.444394507329830879e-01 3.225370555114796534e-01 5.939923296845815992e-01
1.473999399540057709e-01 3.298802889227935853e-01 6.086648575544232331e-01
1.503006379703706874e-01 3.371729017560466390e-01 6.232881535952728980e-01
1.531432154006795443e-01 3.444164774962740760e-01 6.378638417874261668e-01
1.559292402136696898e-01 3.516125122798935965e-01 6.523934542443289297e-01
1.586601863073447416e-01 3.587624217109398050e-01 6.668784384222639083e-01
1.613374411593061220e-01 3.658675469970344429e-01 6.813201636119107230e-01
1.639623126692162647e-01 3.729291604871735055e-01 6.957199267978380064e-01
1.665360352961387791e-01 3.799484706818477830e-01 7.100789579600182977e-01
1.690597755781877154e-01 3.869266267763312173e-01 7.243984248813553073e-01
1.715346371092984767e-01 3.938647227897971170e-01 7.386794375166761961e-01
1.739616650374365969e-01 4.007638013259636200e-01 7.529230519714167347e-01
1.763418501396169791e-01 4.076248570051043685e-01 7.671302741320301655e-01
1.786761325216277008e-01 4.144488396022240617e-01 7.813020629849035670e-01
1.809654049840355161e-01 4.212366569218854995e-01 7.954393336560259264e-01
1.832105160906839503e-01 4.279891774364868451e-01 8.095429601997752300e-01
1.854122729712099349e-01 4.347072327115995560e-01 8.236137781618161346e-01
1.875714438853209320e-01 4.413916196392115854e-01 8.376525869382293044e-01
1.896887605730432358e-01 4.480431024973463017e-01 8.516601519504196638e-01
1.917649204123825224e-01 4.546624148524401887e-01 8.656372066532205256e-01
1.938005884032230064e-01 4.612502613190563872e-01 8.795844543916320202e-01
1.957963989941689520e-01 4.678073191899306815e-01 8.935025701200119963e-01
1.977529577671242322e-01 4.743342399479595350e-01 9.073922019960348750e-01
1.996708429927927797e-01 4.808316506705158089e-01 9.212539728604549616e-01
2.015506070687727302e-01 4.873001553354148196e-01 9.350884816125863974e-01
2.033927778507179096e-01 4.937403360369117533e-01 9.488963044903799826e-01
2.051978598859323932e-01 5.001527541192554160e-01 9.626779962631230037e-01
2.097386772834865798e-01 5.074405731952040810e-01 9.704289032721691299e-01
2.169289442527774781e-01 5.155972431846108650e-01 9.720817715108169832e-01
2.244952272982135566e-01 5.236521499096826737e-01 9.735850297634820461e-01
2.324861115324843852e-01 5.315981816835412266e-01 9.749317125975386356e-01
2.408753558854251631e-01 5.394368085583947092e-01 9.761225983340382495e-01
2.496341131691326154e-01 5.471697832298458852e-01 9.771590145146196171e-01
2.587323448162182071e-01 5.547990646497830136e-01 9.780427582594733993e-01
2.681398784892520260e-01 5.623267604225333782e-01 9.787760293655938248e-01
2.778271740547609281e-01 5.697550825043036227e-01 9.793613726405685505e-01
2.877658549752242778e-01 5.770863126370511242e-01 9.798016272758588441e-01
2.979290549835002522e-01 5.843227750975810153e-01 9.800998818314673455e-01
3.082916227894371142e-01 5.914668150651959388e-01 9.802594338711351218e-01
3.188302205180800764e-01 5.985207813825710321e-01 9.802837535793076373e-01
3.295233448974319579e-01 6.054870128020268805e-01 9.801764508772263795e-01
3.403512941851599138e-01 6.123678270294445891e-01 9.799412456758185286e-01
3.512960986146551612e-01 6.191655120346162278e-01 9.795819409815837986e-01
3.623414278006108491e-01 6.258823192107551003e-01 9.791023986233058363e-01
3.734724850343453251e-01 6.325204580507265417e-01 9.785065174017657519e-01
3.846758956324929368e-01 6.390820920718681686e-01 9.777982134876128661e-01
3.959395943685975472e-01 6.455693357709914038e-01 9.769814029084453733e-01
4.072527154031705954e-01 6.519842524301640019e-01 9.760599859774142795e-01
4.186054869291206404e-01 6.583288526249537753e-01 9.750378335241375316e-01
4.299891318750735936e-01 6.646050933118601289e-01 9.739187747955795338e-01
4.413957753834581998e-01 6.708148773920803443e-01 9.727065869004595244e-01
4.528183593419549124e-01 6.769600536655530076e-01 9.714049856762844160e-01
4.642505639479242441e-01 6.830424171031318492e-01 9.700176178634080104e-01
4.756867360885876916e-01 6.890637093763444243e-01 9.685480544759024202e-01
4.871218241966062679e-01 6.950256195938978587e-01 9.669997852644125480e-01
4.985513191700352564e-01 7.009297852022774444e-01 9.653762141716877299e-01
5.099712009117033373e-01 7.067777930146595944e-01 9.636806556870460838e-01
5.213778900342426192e-01 7.125711803381875598e-01 9.619163320116442817e-01
5.327682042848235211e-01 7.183114361745762677e-01 9.600863709520391920e-01
5.441393192621738484e-01 7.240000024732009543e-01 9.581938044650656350e-01
5.554887330233855280e-01 7.296382754193105891e-01 9.562415677825434335e-01
5.668142342061970318e-01 7.352276067430582041e-01 9.542324990496281467e-01
5.781138733220897441e-01 7.407693050375018240e-01 9.521693394157835222e-01
5.893859369049665453e-01 7.462646370759351555e-01 9.500547335223201717e-01
6.006289242288525010e-01 7.517148291206481314e-01 9.478912303351501034e-01
6.118415263350251987e-01 7.571210682167928141e-01 9.456812842759558801e-01
6.230226071343131222e-01 7.624845034662839360e-01 9.434272566091524981e-01
6.341711863736048116e-01 7.678062472777427150e-01 9.411314170460836070e-01
6.452864242769615899e-01 7.730873765893926386e-01 9.387959455315717516e-01
6.563676076911051371e-01 7.783289340625939579e-01 9.364229341814628294e-01
6.674141375827039591e-01 7.835319292442866068e-01 9.340143893430163935e-01
6.784255177506478551e-01 7.886973396971761474e-01 9.315722337529679375e-01
6.894013446307790671e-01 7.938261120968997941e-01 9.290983087708789556e-01
7.003412980833407797e-01 7.989191632957823863e-01 9.265943766678635951e-01
7.112451330648419390e-01 8.039773813530672886e-01 9.240621229531321701e-01
7.221126720962649514e-01 8.090016265317485633e-01 9.215031587228789123e-01
7.329437984487406910e-01 8.139927322623298211e-01 9.189190230179682395e-01
7.437384499759246426e-01 8.189515060739704921e-01 9.163111851786021056e-01
7.544966135297034304e-01 8.238787304936115996e-01 9.136810471857490512e-01
7.652183199022972726e-01 8.287751639137652671e-01 9.110299459804982458e-01
7.759036392437167473e-01 8.336415414297079218e-01 9.083591557538268635e-01
7.865526769087030079e-01 8.384785756468928763e-01 9.056698902003573748e-01
7.971655696919214273e-01 8.432869574594152873e-01 9.029633047307784599e-01
8.077424824143464299e-01 8.480673568003976870e-01 9.002404986384439090e-01
8.182836048275543561e-01 8.528204233651537347e-01 8.975025172165442822e-01
8.287891488057967937e-01 8.575467873080457881e-01 8.947503538229222286e-01
8.392593457989021566e-01 8.622470599138754022e-01 8.919849518902666086e-01
8.496944445215758313e-01 8.669218342447111425e-01 8.892072068799825590e-01
8.600947088571166965e-01 8.715716857629915992e-01 8.864179681785179232e-01
8.704604159557087772e-01 8.761971729317604707e-01 8.836180409353683318e-01
8.807918545093358365e-01 8.807988377928477330e-01 8.808081878423712485e-01
8.808102721898435350e-01 8.807931776924220468e-01 8.807931103310228105e-01
8.849806633620060925e-01 8.717122259355181146e-01 8.717015514138637400e-01
8.891166416340834378e-01 8.625614193800169582e-01 8.625402502115221415e-01
8.932180132673323003e-01 8.533387273622160540e-01 8.533070013539483245e-01
8.972844615782827882e-01 8.440420583571666135e-01 8.439995156746076255e-01
9.013155390713024628e-01 8.346692596896907457e-01 8.346154174966262662e-01
9.053106589153157024e-01 8.252181175133892488e-01 8.251522419529954133e-01
9.092690857356932055e-01 8.156863571018991843e-01 8.156074323655018166e-01
9.131899256926511166e-01 8.060716435019997794e-01 8.059783377112585967e-01
9.170721158186490030e-01 7.963715826039310386e-01 7.962622102106080568e-01
9.209144125888462096e-01 7.865837226905871837e-01 7.864562030756611088e-01
9.247153797014006082e-01 7.767055565340106327e-01 7.765573684649753616e-01
9.284733750476871217e-01 7.667345241150197444e-01 7.665626556969616923e-01
9.321865368573890587e-01 7.566680160495340424e-01 7.564689097825523234e-01
9.358527690092155460e-01 7.465033778136066500e-01 7.462728703466575686e-01
9.394697255057433694e-01 7.362379148678401819e-01 7.359711710179929200e-01
9.430347941201215889e-01 7.258688987911177115e-01 7.255603393781681065e-01
9.465450792339077379e-01 7.153935745429560455e-01 7.150367975735185677e-01
9.499973838991006003e-01 7.048091689834293794e-01 7.043968637072256511e-01
9.533881911739304771e-01 6.941129007891642111e-01 6.936367541448481555e-01
9.567136448015034489e-01 6.833019919132131692e-01 6.827525868836689105e-01
9.599695293232973770e-01 6.723736807453781772e-01 6.717403861552746491e-01
9.631512497460762434e-01 6.613252371373392613e-01 6.605960884516778320e-01
9.662538109114797713e-01 6.501539794633806046e-01 6.493155501881439084e-01
9.692717967526148781e-01 6.388572938918789523e-01 6.378945572407044295e-01
9.721993496616203601e-01 6.274326560445343537e-01 6.263288366232203641e-01
9.750301502368501350e-01 6.158776552185101227e-01 6.146140705977319874e-01
9.777573977278321005e-01 6.041900213404607367e-01 6.027459135427054582e-01
9.803737915507164669e-01 5.923676548095462291e-01 5.907200119364490742e-01
9.828715143062044524e-01 5.804086593677431072e-01 5.785320278473956579e-01
9.852422167954381083e-01 5.683113781084847549e-01 5.661776663587090308e-01
9.874770055964187110e-01 5.560744326972565377e-01 5.536527073916329700e-01
9.895664338327807563e-01 5.436967658283242688e-01 5.409530424296525863e-01
9.915004958368830446e-01 5.311776868781793448e-01 5.280747166835142448e-01
9.932686264776978691e-01 5.185169206364099725e-01 5.150139772749846578e-01
9.948597059883963478e-01 5.057146588960680367e-01 5.017673280544784342e-01
9.962620711851797317e-01 4.927716145658586622e-01 4.883315917040458309e-01
9.974635340138530148e-01 4.796890778229352947e-01 4.747039798124808585e-01
9.984514083888552660e-01 4.664689736552584121e-01 4.608821716437219163e-01
9.992125462957465176e-01 4.531139199435174625e-01 4.468644023538674848e-01
9.997333841063438253e-01 4.396272850017217126e-01 4.326495614472921081e-01
1.000000000000000000e+00 4.260132432292694227e-01 4.182373023006183410e-01
9.999981832889498490e-01 4.122768272214299978e-01 4.036281636275813600e-01
9.997135163052703888e-01 3.984239743337628648e-01 3.888237038118450561e-01
9.991314693186632567e-01 3.844615652899950331e-01 3.738266491025558635e-01
9.982375087172022932e-01 3.703974519482460814e-01 3.586410567520622039e-01
9.970172184009400418e-01 3.562404707743924703e-01 3.432724942767879095e-01
9.954564340197414873e-01 3.420004378771731024e-01 3.277282361333759275e-01
9.935413893478791669e-01 3.276881205793163443e-01 3.120174792009354214e-01
9.912588737537384453e-01 3.133151793401956486e-01 2.961515784975801702e-01
9.885963994285965617e-01 2.988940722643602665e-01 2.801443044402570637e-01
9.855423768300809462e-01 2.844379122026886586e-01 2.640121225093781665e-01
9.820862967302036450e-01 2.699602632318376938e-01 2.477744951105982363e-01
9.782189173979848329e-01 2.554748585452146781e-01 2.314542032552620587e-01
9.739324558535944476e-01 2.409952146661165640e-01 2.150776816520373336e-01
9.692207828457910512e-01 2.265341060759507030e-01 1.986753537629608324e-01
9.640796222185871178e-01 2.121028476989603173e-01 1.822819416232142331e-01
9.585067565434244319e-01 1.977103066356031003e-01 1.659367062773975943e-01
9.525022420490606434e-01 1.833615228847686740e-01 1.496835448938316215e-01
9.460686365490221794e-01 1.690557501395291429e-01 1.335708241933803997e-01
9.392112436789114005e-01 1.547836098111333158e-01 1.176507561600819846e-01
9.319383748714923366e-01 1.405228378226998920e-01 1.019779980526959590e-01
9.242616274408295141e-01 1.262316910289327521e-01 8.660692799262467712e-02
9.162241121845156044e-01 1.117348512904748903e-01 7.138893045594042752e-02
9.061544902430068715e-01 1.043818103419489607e-01 6.340251921678421998e-02
8.941298198394450614e-01 1.049573946572962546e-01 6.373455564221243430e-02
8.820665161203853355e-01 1.054496684516601085e-01 6.402342308765922307e-02
8.699637999922653631e-01 1.058604836183394404e-01 6.426964015953363918e-02
8.578208637394232339e-01 1.061915037203011170e-01 6.447365591810183538e-02
8.456368694848201972e-01 1.064442193239741180e-01 6.463585318967746129e-02
8.334109475411018986e-01 1.066199612316412887e-01 6.475655136003985457e-02
8.211421946422146068e-01 1.067199118987112172e-01 6.483600869421042578e-02
8.088296720447422095e-01 1.067451152717215773e-01 6.487442421918260260e-02
7.964724034869385960e-01 1.066964852416922294e-01 6.487193919879835624e-02
7.840693729920905630e-01 1.065748128734954614e-01 6.482863822328599479e-02
7.716195225013308123e-01 1.063807725436535095e-01 6.474454992999337244e-02
7.591217493192951027e-01 1.061149270952452400e-01 6.461964736627742734e-02
7.465749033540619584e-01 1.057777320984686631e-01 6.445384800024407668e-02
7.339777841305972217e-01 1.053695392880000387e-01 6.424701337994284667e-02
7.213291375543555706e-01 1.048905992331661263e-01 6.399894843655003218e-02
7.086276523988160880e-01 1.043410632833368656e-01 6.370940042189961183e-02
6.958719564873520058e-01 1.037209848187471278e-01 6.337805746534500018e-02
6.830606125360076941e-01 1.030303198254305524e-01 6.300454672915668797e-02
6.701921136193208506e-01 1.022689268020351705e-01 6.258843213538756167e-02
6.572648782161859549e-01 1.014365659955115129e-01 6.212921163017370851e-02
6.442772447867843866e-01 1.005328979518067406e-01 6.162631394354191328e-02
6.312274658246957992e-01 9.955748135630829165e-02 6.107909479382710172e-02
6.181137013201485342e-01 9.850977012673038657e-02 6.048683247537172541e-02
6.049340115608969892e-01 9.738910970775753462e-02 5.984872275601824110e-02
5.916863491859994939e-01 9.619473250191418190e-02 5.916387299655389426e-02
5.783685503945422690e-01 9.492575235410373458e-02 5.843129538722374727e-02
5.649783251956783658e-01 9.358115798745099412e-02 5.764989917600391034e-02
5.515132465676630957e-01 9.215980526480878343e-02 5.681848173876534458e-02
5.379707383711839208e-01 9.066040812248700453e-02 5.593571831163089009e-02
5.243480618354099398e-01 8.908152798923825444e-02 5.500015016949189040e-02
5.106423004026641177e-01 8.742156146271806705e-02 5.401017099003544569e-02
4.968503426781188392e-01 8.567872596547540520e-02 5.296401108756441239e-02
4.829688631826476453e-01 8.385104304034571299e-02 5.185971913249962095e-02
4.689943005475670779e-01 8.193631886739051462e-02 5.069514088692762821e-02
4.549228327165150132e-01 7.993212148656071714e-02 4.946789437895991737e-02
4.407503486280602845e-01 7.783575408566821563e-02 4.817534080229814164e-02
4.264724157375032187e-01 7.564422355350942928e-02 4.681455025332401099e-02
4.120842425904845396e-01 7.335420329111830284e-02 4.538226119407660908e-02
3.975806354746179716e-01 7.096198900373427987e-02 4.387483223893223760e-02
3.829559479347571793e-01 6.846344583891411650e-02 4.228818448252413820e-02
3.682040216237001951e-01 6.585394475899111755e-02 4.061773208386879053e-02
3.533181165459415296e-01 6.312828539088505275e-02 3.885829815060935777e-02
3.382908281984127186e-01 6.028060171213723423e-02 3.700401206104780155e-02
3.231139883614908004e-01 5.730424570282383057e-02 3.504115466531896456e-02
3.077785452595729887e-01 5.419164235669949453e-02 3.299698206691402402e-02
2.922744173613308627e-01 5.093410694796720456e-02 3.091347473600495124e-02
2.765903130183618441e-01 4.752161178757501048e-02 2.879340529540552751e-02
2.607135051146232119e-01 4.394248420875530164e-02 2.664005235810580977e-02
2.446295453667692299e-01 4.018300906653708010e-02 2.445733965487823999e-02
2.283218959354892386e-01 3.622689563708875876e-02 2.225002393894164043e-02
2.117714449110892627e-01 3.210105389348254235e-02 2.002395215777569293e-02
1.949558539434936288e-01 2.803877866260919005e-02 1.778641853963481775e-02
1.778486548499132180e-01 2.407434614997520581e-02 1.554666833638069720e-02
1.604179553494344268e-01 2.023200189587992873e-02 1.331662110852372370e-02
1.426245059794711278e-01 1.654024273994430388e-02 1.111193016214759993e-02
1.244186600334632603e-01 1.303323285772186105e-02 8.953570446765797206e-03
1.057352726612153931e-01 9.752927418328873055e-03 6.870283932120330173e-03
8.648440402383926473e-02 6.752393180837196543e-03 4.902471758531862581e-03
6.653243641003510345e-02 4.101278623232180141e-03 3.108652538636473041e-03
4.565760008550031473e-02 1.895471224297100776e-03 1.576780862748184374e-03
2.432218573887478738e-02 3.184172430559738232e-04 4.690227706704248119e-04
8.206491203718694477e-03 0.000000000000000000e+00 0.000000000000000000e+00
4.456104450235441605e-02 0.000000000000000000e+00 1.311233808598136555e-03
