8.235475621955716530e-02 1.746592403642676372e-01 0.000000000000000000e+00
8.843040624381277859e-02 1.847996987917502054e-01 2.402964373635721809e-03
9.441623111400422597e-02 1.948405659908906129e-01 4.715638163075969690e-03
1.003171205218328366e-01 2.047868946342323859e-01 6.942191473249228334e-03
1.061375140409730189e-01 2.146432976120665470e-01 9.086376516744492857e-03
1.118814582747953146e-01 2.244140011784797051e-01 1.115158252910922708e-02
1.175526549324951292e-01 2.341028899989726075e-01 1.314088154147552076e-02
1.231545015378942287e-01 2.437135455728952904e-01 1.505706679152180386e-02
1.286901261091856763e-01 2.532492791950635147e-01 1.690268515991301401e-02
1.341624168695880193e-01 2.627131603848666397e-01 1.868006472190565648e-02
1.395740478353415803e-01 2.721080415289790500e-01 2.039133827708456206e-02
1.449275009619786503e-01 2.814365793418706629e-01 2.203846354580444450e-02
1.502250854006332292e-01 2.907012536368271949e-01 2.362324058570011015e-02
1.554689543143833730e-01 2.999043838119096472e-01 2.514732687591563973e-02
1.606611196239910166e-01 3.090481433848569215e-01 2.661225043351677158e-02
1.658034649879207012e-01 3.181345728543701901e-01 2.801942126052289414e-02
1.708977572697774061e-01 3.271655911194686350e-01 2.937014136734853939e-02
1.759456567043503339e-01 3.361430056514030373e-01 3.066561357610416219e-02
1.809487259394300107e-01 3.450685215821580054e-01 3.190694927301344908e-02
1.859084381026262500e-01 3.539437498485259459e-01 3.309517525138644389e-02
1.908261840195027426e-01 3.627702145100190623e-01 3.423123976385381018e-02
1.957032786903985522e-01 3.715493593416632212e-01 3.531601788386762308e-02
2.005409671175314712e-01 3.802825537883506302e-01 3.635031626104322927e-02
2.053404295608809993e-01 3.889710983553625878e-01 3.733487734206741848e-02
2.101027862903189769e-01 3.976162294995311264e-01 3.827038311818536237e-02
2.148291018921894835e-01 4.062191240769185696e-01 3.915745845128336400e-02
2.195203891807907814e-01 4.147809033956018632e-01 3.999667402300994407e-02
2.241776127584219902e-01 4.233026369159674784e-01 4.078854894490822197e-02
2.288016922622574945e-01 4.317853456355706943e-01 4.153355306208091069e-02
2.333935053312406749e-01 4.402300051911203216e-01 4.223210897816628145e-02
2.379538903222364332e-01 4.486375487061859402e-01 4.288459382535236147e-02
2.424836488010909397e-01 4.570088694098679016e-01 4.349134079962142796e-02
2.469835478311358801e-01 4.653448230487499115e-01 4.405264047831433660e-02
2.514543220791190525e-01 4.736462301118983254e-01 4.456874193436668324e-02
2.558966757561929040e-01 4.819138778864759387e-01 4.503985365914395245e-02
2.603112844095948342e-01 4.901485223596062646e-01 4.546614430358261044e-02
2.646987965790004727e-01 4.983508899804283132e-01 4.584774324535609985e-02
2.690598353298824796e-01 5.065216792948191715e-01 4.618474098792520882e-02
2.733949996750049127e-01 5.146615624639455655e-01 4.647718939558157653e-02
2.777048658939244574e-01 5.227711866766656668e-01 4.672510176695671841e-02
2.819899887594196630e-01 5.308511754647916581e-01 4.692845274783658677e-02
2.862509026787914412e-01 5.389021299293277334e-01 4.708717808255997311e-02
2.904881227572080338e-01 5.469246298850031218e-01 4.720117420164811339e-02
2.947021457896280006e-01 5.549192349297102922e-01 4.727029764173644455e-02
2.988934511870336985e-01 5.628864854448498711e-01 4.729436429212529464e-02
3.030625018423442896e-01 5.708269035319954998e-01 4.727314846050897218e-02
3.072097449407809600e-01 5.787409938908093521e-01 4.720638174852632984e-02
3.113356127189576550e-01 5.866292446427041618e-01 4.709375172564864848e-02
3.154405231767079543e-01 5.944921281043128447e-01 4.693490038764965011e-02
3.195248807452443218e-01 6.023301015144902903e-01 4.672942238336057902e-02
3.235890769147997115e-01 6.101436077182647022e-01 4.647686299046188685e-02
3.276334908249030620e-01 6.179330758108071420e-01 4.617671581792295865e-02
3.316584898198571274e-01 6.256989217443003071e-01 4.582842020888846374e-02
3.398132453186714086e-01 6.323879011424301533e-01 5.836737627660518180e-02
3.496533374155308960e-01 6.385937701049608783e-01 7.531897774286064329e-02
3.594483533441300560e-01 6.447524903002850305e-01 9.142378284744666350e-02
3.692007617778432227e-01 6.508646952017055343e-01 1.068961855920905063e-01
3.789127703023509874e-01 6.569310194684989668e-01 1.218814635911546762e-01
3.885863563582463431e-01 6.629520980848123690e-01 1.364825530000590703e-01
3.982232941346603439e-01 6.689285655352721349e-01 1.507749208035032984e-01
4.078251780182742259e-01 6.748610550224262150e-01 1.648154008107274859e-01
4.173934430974360899e-01 6.807501977295422613e-01 1.786477287610900577e-01
4.269293831373454084e-01 6.865966221309245388e-01 1.923061612610509341e-01
4.364341663748206868e-01 6.924009533507842207e-01 2.058179269742759498e-01
4.459088494260253777e-01 6.981638125708433673e-01 2.192049368341249804e-01
4.553543895557626842e-01 7.038858164861040434e-01 2.324850077590777109e-01
4.647716555197764499e-01 7.095675768076955547e-01 2.456727574816116033e-01
4.741614371607628109e-01 7.152096998112927873e-01 2.587802713405516486e-01
4.835244539133127240e-01 7.208127859292765560e-01 2.718176074233691342e-01
4.928613623513111164e-01 7.263774293846347874e-01 2.847931848599727922e-01
5.021727628934256060e-01 7.319042178644212804e-01 2.977140861763998836e-01
5.114592057667808334e-01 7.373937322305618158e-01 3.105862954549765687e-01
5.207211963159810164e-01 7.428465462657275475e-01 3.234148878735228494e-01
5.299591997334415217e-01 7.482632264520480136e-01 3.362041819537345821e-01
5.391736452774087418e-01 7.536443317804339959e-01 3.489578628818481021e-01
5.483649300358824918e-01 7.589904135883711600e-01 3.616790831561586539e-01
5.575334222874501755e-01 7.643020154241123576e-01 3.743705452954819712e-01
5.666794645039404665e-01 7.695796729352903931e-01 3.870345702313162661e-01
5.758033760345079299e-01 7.748239137800403409e-01 3.996731541842803437e-01
5.849054555059810534e-01 7.800352575588674897e-01 4.122880162099634704e-01
5.939859829703730831e-01 7.852142157655469523e-01 4.248806381339840232e-01
6.030452218268229636e-01 7.903612917554818651e-01 4.374522982405698590e-01
6.120834205421785690e-01 7.954769807300152706e-01 4.500040998050804375e-01
6.211008141916718461e-01 8.005617697353057949e-01 4.625369953479369634e-01
6.300976258387266382e-01 8.056161376744671587e-01 4.750518073206890235e-01
6.390740677708842687e-01 8.106405553317516111e-01 4.875492458032447685e-01
6.480303426069146111e-01 8.156354854076485195e-01 5.000299236867580266e-01
6.569666442885343516e-01 8.206013825638609482e-01 5.124943697329371606e-01
6.658831589687722596e-01 8.255386934771637986e-01 5.249430398332278758e-01
6.747800658075958635e-01 8.304478569012793132e-01 5.373763267368351082e-01
6.836575376844507002e-01 8.353293037358906492e-01 5.497945684721712301e-01
6.925157418361774786e-01 8.401834571020730946e-01 5.621980556500787429e-01
7.013548404279745796e-01 8.450107324233898654e-01 5.745870378073303364e-01
7.101749910642917163e-01 8.498115375120219861e-01 5.869617289243219682e-01
7.189763472456954796e-01 8.545862726593169700e-01 5.993223122304537354e-01
7.277590587772846398e-01 8.593353307302040722e-01 6.116689443937063375e-01
7.365232721335273069e-01 8.640590972609661913e-01 6.240017591767306193e-01
7.452691307840011437e-01 8.687579505598788110e-01 6.363208706298347783e-01
7.539967754839168590e-01 8.734322618103208535e-01 6.486263758812630398e-01
7.627063445330994895e-01 8.780823951759212376e-01 6.609183575766655050e-01
7.713979740065631807e-01 8.827087079074000808e-01 6.731968860124951659e-01
7.800717979595708229e-01 8.873115504507688156e-01 6.854620210019917170e-01
7.887279486098067727e-01 8.918912665565786879e-01 6.977138135071812020e-01
7.973665564989614873e-01 8.964481933899434152e-01 7.099523070659465862e-01
8.059877506358490429e-01 9.009826616410797628e-01 7.221775390393505578e-01
8.145916586229394740e-01 9.054949956361363350e-01 7.343895417011958582e-01
8.231784067680135708e-01 9.099855134480989705e-01 7.465883431889599464e-01
8.317481201824684645e-01 9.144545270075848942e-01 7.587739683328419416e-01
8.403009228676925346e-01 9.189023422133378860e-01 7.709464393775486979e-01
8.488369377906935798e-01 9.233292590422860213e-01 7.831057766096459760e-01
8.573562869501506478e-01 9.277355716590132140e-01 7.952519989017378110e-01
8.658590914339028277e-01 9.321215685245054505e-01 8.073851241833324144e-01
8.743454714687722840e-01 9.364875325040693532e-01 8.195051698471058632e-01
8.828155464635154548e-01 9.408337409743248170e-01 8.316121530982117926e-01
8.912694350457447401e-01 9.451604659291500399e-01 8.437060912533722590e-01
8.997072550933395974e-01 9.494679740845429761e-01 8.557870019957100061e-01
9.081291237611116562e-01 9.537565269822786407e-01 8.678549035905749331e-01
9.165351575031248643e-01 9.580263810923372869e-01 8.799098150669978358e-01
9.249254720912577499e-01 9.622777879140185231e-01 8.919517563688905692e-01
9.333001826304198056e-01 9.665109940757088403e-01 9.039807484796137382e-01
9.416594035707601673e-01 9.707262414332663569e-01 9.159968135231341124e-01
9.500032487173596385e-01 9.749237671669549465e-01 9.279999748446262631e-01
9.583318312375699310e-01 9.791038038769398488e-01 9.399902570730346296e-01
9.666452636664093490e-01 9.832665796772884770e-01 9.519676861678361135e-01
9.749436579102089828e-01 9.874123182884725347e-01 9.639322894520057083e-01
9.832271252487800872e-01 9.915412391283441318e-01 9.758840956329205563e-01
9.914957763362801657e-01 9.956535574015794587e-01 9.878231348127906042e-01
9.997497212009804901e-01 9.997494841875919080e-01 9.997494384899817677e-01
9.997497224457775333e-01 9.997494836342784019e-01 9.997494391057220042e-01
9.998273179911808528e-01 9.919452733054491267e-01 9.919374980227182448e-01
9.998906941243358437e-01 9.841144685265037495e-01 9.840990332339667468e-01
9.999397585164589985e-01 9.762565722931284551e-01 9.762335196974850637e-01
9.999744085712389818e-01 9.683710746365694622e-01 9.683404169650556836e-01
9.999945307743092204e-01 9.604574522712823192e-01 9.604191686467486999e-01
1.000000000000000000e+00 9.525151682371902906e-01 9.524692018563090112e-01
9.999906787726055013e-01 9.445436715370966185e-01 9.444899266368593782e-01
9.999664164792019250e-01 9.365423967699049168e-01 9.364807353664360567e-01
9.999270485309310619e-01 9.285107637603768893e-01 9.284410021428638471e-01
9.998723954694821447e-01 9.204481771863067818e-01 9.203700821475065963e-01
9.998022620151818529e-01 9.123540262041175408e-01 9.122673109874758213e-01
9.997164360530371718e-01 9.042276840740479660e-01 9.041320040159042115e-01
9.996146875527623932e-01 8.960685077862344805e-01 8.959634556299489461e-01
9.994967674186113760e-01 8.878758376892270654e-01 8.877609385462575942e-01
9.993624062645706241e-01 8.796489971226684190e-01 8.795237030536875444e-01
9.992113131102343671e-01 8.713872920560798985e-01 8.712509762431653870e-01
9.990431739924074961e-01 8.630900107359995577e-01 8.629419612146767005e-01
9.988576504871934381e-01 8.547564233439629566e-01 8.545958362614921588e-01
9.986543781370377237e-01 8.463857816681750190e-01 8.462117540318806475e-01
9.984329647769034644e-01 8.379773187920456223e-01 8.377888406687133971e-01
9.981929887534634060e-01 8.295302488031718324e-01 8.293261949275680944e-01
9.979339970308356289e-01 8.210437665267796836e-01 8.208228872741560878e-01
9.976555031761217274e-01 8.125170472881181327e-01 8.122779589621255125e-01
9.973569852176566997e-01 8.039492467088268368e-01 8.036904210926291148e-01
9.970378833685678011e-01 7.953395005428812725e-01 7.950592536573289904e-01
9.966975976079113231e-01 7.866869245583806292e-01 7.863834045669265693e-01
9.963354851113631616e-01 7.779906144721195904e-01 7.776617886677241742e-01
9.959508575231150740e-01 7.692496459447163426e-01 7.688932867492250800e-01
9.955429780603751722e-01 7.604630746448687306e-01 7.600767445463429972e-01
9.951110584415661098e-01 7.516299363923143462e-01 7.512109717404406029e-01
9.946542556291544379e-01 7.427492473900502157e-01 7.422947409641390548e-01
9.941716683777918062e-01 7.338200045575331565e-01 7.333267868156817526e-01
9.936623335783383304e-01 7.248411859778186583e-01 7.243058048895536505e-01
9.931252223883014763e-01 7.158117514729139819e-01 7.152304508311537745e-01
9.925592361391515350e-01 7.067306433231526075e-01 7.060993394244975407e-01
9.919632020111935899e-01 6.975967871479265003e-01 6.969110437232950428e-01
9.913358684667462617e-01 6.884090929669289816e-01 6.876640942372910237e-01
9.906759004328969942e-01 6.791664564628764333e-01 6.783569781874886351e-01
9.899818742254746784e-01 6.698677604687642839e-01 6.689881388458284173e-01
9.892522722066768859e-01 6.605118767048921979e-01 6.595559749771020552e-01
9.884854771697126896e-01 6.510976677932259760e-01 6.500588404033624812e-01
9.876797664449635805e-01 6.416239895792501535e-01 6.404950437138834385e-01
9.868333057237212991e-01 6.320896937940894134e-01 6.308628481468443461e-01
9.859441425973699547e-01 6.224936310925986982e-01 6.211604716724618003e-01
9.850101998121143509e-01 6.128346545061169603e-01 6.113860873112267891e-01
9.840292682421070136e-01 6.031116233517509473e-01 6.015378237253402594e-01
9.829989995869473640e-01 5.933234076434126258e-01 5.916137661264276870e-01
9.819168988034581158e-01 5.834688930532061502e-01 5.816119575481605297e-01
9.807803162859943802e-01 5.735469864753400815e-01 5.715304005386571129e-01
9.795864398148115271e-01 5.635566222482760734e-01 5.613670593345050364e-01
9.783322862980406986e-01 5.534967690943856100e-01 5.511198625860449507e-01
9.770146933397449995e-01 5.433664378399062356e-01 5.407867067122541505e-01
9.756303106745102260e-01 5.331646899812900742e-01 5.303654599733308439e-01
9.741755915180240200e-01 5.228906471671530554e-01 5.198539673599079647e-01
9.726467838933604559e-01 5.125435016677233335e-01 5.092500564099990967e-01
9.710399220041644464e-01 5.021225279058527668e-01 4.985515440783060415e-01
9.693508177387765157e-01 4.916270951251127674e-01 4.877562447976722115e-01
9.675750524035676703e-01 4.810566812710506124e-01 4.768619798893813932e-01
9.657079687994564177e-01 4.704108881609786463e-01 4.658665884979357186e-01
9.637446637727408172e-01 4.596894580155762022e-01 4.547679402471589971e-01
9.616799813898999627e-01 4.488922914216053606e-01 4.435639498382842882e-01
9.595085069059956506e-01 4.380194667888729909e-01 4.322525938374869314e-01
9.572245617174381938e-01 4.270712613556840176e-01 4.208319299305863792e-01
9.548221995120350636e-01 4.160481737850085238e-01 4.093001189569365206e-01
9.522952038521026452e-01 4.049509483777330998e-01 3.976554500736109721e-01
9.496370874496538050e-01 3.937806009090683013e-01 3.858963694457356319e-01
9.468410934156604730e-01 3.825384460686945265e-01 3.740215129104190184e-01
9.439001987875607069e-01 3.712261264537570771e-01 3.620297431216153439e-01
9.408071206598760394e-01 3.598456430251716354e-01 3.499201917532773209e-01
9.375543252608895539e-01 3.483993868911588465e-01 3.376923074206909514e-01
9.341340403331289677e-01 3.368901722257738318e-01 3.253459100778467450e-01
9.305382711856181599e-01 3.253212700631926135e-01 3.128812527658316189e-01
9.267588207905260722e-01 3.136964426285316909e-01 3.002990917281171401e-01
9.227873142949472030e-01 3.020199777707059940e-01 2.876007660788706954e-01
9.165464113936986346e-01 2.927696294090711970e-01 2.776192634528521497e-01
9.052484311409378925e-01 2.894250611253876837e-01 2.743809685237637574e-01
8.939200827348844358e-01 2.860589903651255539e-01 2.711248768498749073e-01
8.825608442438807044e-01 2.826710404542509547e-01 2.678506380567297063e-01
8.711701775590822150e-01 2.792608226158442841e-01 2.645578897680491148e-01
8.597475276648970377e-01 2.758279353943683954e-01 2.612462570060926081e-01
8.482923218660923803e-01 2.723719640434721367e-01 2.579153515524961748e-01
8.368039689683552940e-01 2.688924798744050659e-01 2.545647712663517415e-01
8.252818584088230658e-01 2.653890395618868636e-01 2.511940993559628743e-01
8.137253593327878898e-01 2.618611844039120395e-01 2.478029036003733532e-01
8.021338196124071507e-01 2.583084395316845305e-01 2.443907355163486284e-01
7.905065648029065972e-01 2.547303130654229864e-01 2.409571294660698415e-01
7.788428970313110433e-01 2.511262952114041713e-01 2.375016017002859747e-01
7.671420938122556210e-01 2.474958572950984037e-01 2.340236493311244614e-01
7.554034067849478840e-01 2.438384507246976751e-01 2.305227492281368418e-01
7.436260603647162348e-01 2.401535058787566679e-01 2.269983568304407284e-01
7.318092503019650863e-01 2.364404309109460200e-01 2.234499048670474664e-01
7.199521421406060995e-01 2.326986104641626807e-01 2.198768019765480475e-01
7.080538695672349281e-01 2.289274042853449154e-01 2.162784312163352485e-01
6.961135326414107372e-01 2.251261457313498415e-01 2.126541484503729484e-01
6.841301958963459384e-01 2.212941401551276888e-01 2.090032806032403323e-01
6.721028862982015850e-01 2.174306631601153894e-01 2.053251237666654239e-01
6.600305910508541540e-01 2.135349587093157142e-01 2.016189411430925060e-01
6.479122552315405015e-01 2.096062370738521197e-01 1.978839608088663327e-01
6.357467792411497509e-01 2.056436726038305962e-01 1.941193732774056102e-01
6.235330160510067499e-01 2.016464013021680157e-01 1.903243288401772759e-01
6.112697682259142784e-01 1.976135181794370366e-01 1.864979346603388155e-01
5.989557847007379587e-01 1.935440743648791373e-01 1.826392515905213010e-01
5.865897572850724551e-01 1.894370739452743702e-01 1.787472906822847596e-01
5.741703168673485402e-01 1.852914704994001460e-01 1.748210093502146345e-01
5.616960292860802006e-01 1.811061632911867003e-01 1.708593071483015813e-01
5.491653908318008259e-01 1.768799930792293862e-01 1.668610211100446938e-01
5.365768233383645391e-01 1.726117374939964977e-01 1.628249205964382718e-01
5.239286688167310579e-01 1.683001059265727961e-01 1.587497015874536066e-01
5.112191835778741034e-01 1.639437338639371800e-01 1.546339803425647585e-01
4.984465317838911447e-01 1.595411765953193006e-01 1.504762863439391141e-01
4.856087783576084616e-01 1.550909022016956629e-01 1.462750544217769066e-01
4.727038811706511523e-01 1.505912837255925230e-01 1.420286159444366925e-01
4.597296824178112029e-01 1.460405904004996869e-01 1.377351889358220116e-01
4.466838990712105883e-01 1.414369777976478559e-01 1.333928669583107629e-01
4.335641122907805678e-01 1.367784767218375996e-01 1.289996065703140071e-01
4.203677556473272570e-01 1.320629806562683140e-01 1.245532131322001079e-01
4.070921019902167814e-01 1.272882315175640766e-01 1.200513246912794790e-01
3.937342487626012688e-01 1.224518034344786593e-01 1.154913936239188310e-01
3.802911015318162780e-01 1.175510842049046628e-01 1.108706656481424774e-01
3.667593554597066152e-01 1.125832540125097647e-01 1.061861557400855527e-01
3.531354743850758093e-01 1.075452608927433273e-01 1.014346203882041525e-01
3.394156671256295943e-01 1.024337923225692171e-01 9.661252549471045781e-02
3.255958605262372907e-01 9.724524216200471083e-02 9.171600907700239169e-02
3.116716686792979085e-01 9.197567198871456351e-02 8.674083772313691265e-02
2.976383576152480948e-01 8.662076562637659183e-02 8.168235550149724467e-02
2.834908045978573043e-01 8.117577535528776311e-02 7.653542369777939502e-02
2.692234509477861581e-01 7.563545788465973752e-02 7.129434932754556697e-02
