3.503928901321998191e-02 1.828786103149683540e-01 1.556409357263676685e-01
3.577861801860081348e-02 1.881931331499082372e-01 1.589505548318304873e-01
3.645314846444320384e-02 1.934817376646066345e-01 1.621656723160325442e-01
3.705483489902114402e-02 1.987452166035593992e-01 1.652872213407534929e-01
3.758405587993442210e-02 2.039843213817411072e-01 1.683160929073456713e-01
3.804299116033074690e-02 2.091999728604896636e-01 1.712533375421929627e-01
3.843138425469984354e-02 2.143929370626048436e-01 1.740998539160059644e-01
3.875384844036326021e-02 2.195635050350511486e-01 1.768560845682834726e-01
3.901152912463874689e-02 2.247122402910592120e-01 1.795227309723584908e-01
3.920525899196556502e-02 2.298396924887643467e-01 1.821004790236607496e-01
3.933557073912297836e-02 2.349463971484820057e-01 1.845899986382559810e-01
3.940270434491501689e-02 2.400328756418444454e-01 1.869919436110316635e-01
3.942471731732579560e-02 2.450982454354328488e-01 1.893056332013647869e-01
3.939664950232633911e-02 2.501434411002658731e-01 1.915321133088336569e-01
3.931656160885089318e-02 2.551691074522349223e-01 1.936721501438282700e-01
3.918375030328195147e-02 2.601757562366509013e-01 1.957263800969092082e-01
3.899730524248033736e-02 2.651638799155868753e-01 1.976954177356579911e-01
3.875583208135886110e-02 2.701339709548868373e-01 1.995798737322591609e-01
3.845390214047855748e-02 2.750867565790880986e-01 2.013805736562857274e-01
3.809559853277130065e-02 2.800222861483607217e-01 2.030977054319463293e-01
3.767992568144271082e-02 2.849409362512447252e-01 2.047317597705300696e-01
3.720574681736382727e-02 2.898430653612977803e-01 2.062832064151133016e-01
3.667166827223873604e-02 2.947290149002919635e-01 2.077524950033196316e-01
3.606896536304995265e-02 2.995991102252015814e-01 2.091400558416226518e-01
3.540867327621422672e-02 3.044536615455579742e-01 2.104463005968016942e-01
3.469077256823029087e-02 3.092929647771017199e-01 2.116716229094554313e-01
3.391526238451927910e-02 3.141173023370765205e-01 2.128163989338108519e-01
3.308215968785438443e-02 3.189269438859813621e-01 2.138809878074701964e-01
3.219149849630480176e-02 3.237221470201431250e-01 2.148657320541596805e-01
3.124332912971261936e-02 3.285031579190573203e-01 2.157709579220602469e-01
3.023771746376666125e-02 3.332702119510715932e-01 2.165969756597814211e-01
2.917474419074168185e-02 3.380235342406582855e-01 2.173440797316150697e-01
2.805450408586189145e-02 3.427633402002367990e-01 2.180125489732331334e-01
2.687710527861485524e-02 3.474898360292182908e-01 2.186026466886106245e-01
2.564266852790615323e-02 3.522032191827352832e-01 2.191146206885039582e-01
2.435132650033933199e-02 3.569036788122854631e-01 2.195487032704421804e-01
2.410711301563859404e-02 3.615395786717141013e-01 2.198587287204011587e-01
2.407002286280371384e-02 3.661522193935837777e-01 2.200819496590389612e-01
2.402195811116188129e-02 3.707521804532060150e-01 2.202278948784091583e-01
2.396305092112526944e-02 3.753396365985919858e-01 2.202967473011386290e-01
2.389343414592019765e-02 3.799147555900276862e-01 2.202886721519317081e-01
2.381324123374483487e-02 3.844776985198569697e-01 2.202038165365360622e-01
2.372260612826003826e-02 3.890286201145382039e-01 2.200423089457789194e-01
2.362166316674255140e-02 3.935676690201566630e-01 2.198042586806361054e-01
2.351054697676010358e-02 3.980949880724213852e-01 2.194897551936536295e-01
2.338939237059856069e-02 4.026107145521660158e-01 2.190988673413267751e-01
2.325833423810862166e-02 4.071149804272247152e-01 2.186316425412915543e-01
2.311750743761513058e-02 4.116079125815451101e-01 2.180881058273053674e-01
2.296704668493864537e-02 4.160896330323006209e-01 2.174682587940639789e-01
2.280708644082286504e-02 4.205602591357155418e-01 2.167720784228204522e-01
2.263776079634037194e-02 4.250199037822737225e-01 2.159995157776073427e-01
2.245920335643876442e-02 4.294686755819249191e-01 2.151504945604831853e-01
2.227154712181696194e-02 4.339066790398423135e-01 2.142249095127558844e-01
2.207492436869161814e-02 4.383340147232781536e-01 2.132226246473584996e-01
2.186946652667074234e-02 4.427507794199938007e-01 2.121434712956429824e-01
2.165530405471768199e-02 4.471570662887101033e-01 2.109872459495746311e-01
2.143256631489135269e-02 4.515529650020132513e-01 2.097537078777785835e-01
2.120138144396854080e-02 4.559385618820862018e-01 2.084425764909002832e-01
2.096187622283066446e-02 4.603139400296284434e-01 2.070535284283624988e-01
2.071417594355324382e-02 4.646791794462871716e-01 2.055861943346455611e-01
2.045840427385884480e-02 4.690343571509071885e-01 2.040401552886478009e-01
2.019468311905817104e-02 4.733795472898652545e-01 2.024149388443318431e-01
1.992313248102754730e-02 4.777148212417417494e-01 2.007100146346516012e-01
1.964387031443681070e-02 4.820402477165434130e-01 1.989247894834324515e-01
1.935701237943157280e-02 4.863558928496841127e-01 1.970586019612529938e-01
1.906267209111493777e-02 4.906618202908802906e-01 1.951107163112398013e-01
1.885278102656225488e-02 4.949551033778127329e-01 1.930777837978351064e-01
1.877746166389877500e-02 4.992342810931327257e-01 1.909576135489572113e-01
1.869802859641900988e-02 5.035039716526703568e-01 1.887530657875157170e-01
1.861455165509267803e-02 5.077642290273949310e-01 1.864630257269886127e-01
1.852709986212610488e-02 5.120151050203980425e-01 1.840862603179624635e-01
1.843574135777859002e-02 5.162566493264758583e-01 1.816214059045667961e-01
1.834054332140299531e-02 5.204889095868477922e-01 1.790669542104644796e-01
1.824157188638332594e-02 5.247119314388287714e-01 1.764212363769553926e-01
1.813889204795885932e-02 5.289257585602102907e-01 1.736824047196756371e-01
1.803256756253426504e-02 5.331304327080236272e-01 1.708484118009280794e-01
1.792266083778857808e-02 5.373259937512016027e-01 1.679169863280346453e-01
1.780923281139671147e-02 5.415124796965661291e-01 1.648856052792684601e-01
1.769234281716552601e-02 5.456899267073189730e-01 1.617514615214278861e-01
1.757204843551577605e-02 5.498583691130607409e-01 1.585114260077320758e-01
1.744840532574034112e-02 5.540178394099984915e-01 1.551620034197961351e-01
1.732146703641103749e-02 5.581683682496590970e-01 1.516992798258212649e-01
1.719128478925600889e-02 5.623099844139178849e-01 1.481188605462510632e-01
1.705790723047678412e-02 5.664427147734935053e-01 1.444157959152540527e-01
1.692138014191026801e-02 5.705665842261893328e-01 1.405844919558239814e-01
1.678174610226256316e-02 5.746816156099621153e-01 1.366186020814467439e-01
1.663904408518439293e-02 5.787878295842976417e-01 1.325108947018594774e-01
1.649330897723525272e-02 5.828852444710966862e-01 1.282530899002248259e-01
1.634457099146006259e-02 5.869738760431508773e-01 1.238356559477278157e-01
1.619285494533344305e-02 5.910537372436887038e-01 1.192475529951133595e-01
1.603817935775003409e-02 5.951248378139021300e-01 1.144759063056700193e-01
1.588055530174059884e-02 5.991871837954594326e-01 1.095055840298781863e-01
1.571998492088183541e-02 6.032407768599878928e-01 1.043186433851243239e-01
1.555645947343563436e-02 6.072856133939651402e-01 9.889359185540158581e-02
1.538995669713262050e-02 6.113216832295748082e-01 9.320438258586130620e-02
1.522043717064596770e-02 6.153489678489501014e-01 8.721901815218405241e-02
1.504783914669958686e-02 6.193674377799556208e-01 8.089756051557664418e-02
1.487207097043134578e-02 6.233770487036648378e-01 7.418921012142216942e-02
1.469299951352538020e-02 6.273777354151076624e-01 6.702786780964142821e-02
1.451043167871545782e-02 6.313694020060565126e-01 5.932510703427864435e-02
1.432408303186420880e-02 6.353519049280395015e-01 5.095847422199437093e-02
1.413351281971990218e-02 6.393250185896248716e-01 4.175109406803395595e-02
1.395497840524322596e-02 6.432917458783550257e-01 3.110646673455047181e-02
1.379135282356079920e-02 6.472543307352136566e-01 1.971429465511024409e-02
1.362591832414889945e-02 6.512088158026710927e-01 8.368269105974561820e-03
1.337050188427407749e-02 6.551201331955093243e-01 1.435338258964409357e-03
1.316847013735989932e-02 6.589651394761436576e-01 1.324349300065705845e-03
1.301629432974727579e-02 6.628022459963480717e-01 1.240898549799739200e-03
1.286084182423135290e-02 6.666330113523003531e-01 1.155667617790842984e-03
1.270212924401053003e-02 6.704574923932213881e-01 1.068665564594681013e-03
1.254017292559909263e-02 6.742757450878124059e-01 9.799012882599730020e-04
1.237498890711268180e-02 6.780878245441118723e-01 8.893835182697479649e-04
1.225084499753932750e-02 6.818925982746442127e-01 8.215101240773201551e-04
1.214914469127801808e-02 6.856906407239593548e-01 7.660225183587333160e-04
1.204715291399952037e-02 6.894826201717492165e-01 7.103880316762506550e-04
1.194497142379234711e-02 6.932685872621818790e-01 6.546622448441539316e-04
1.184270325449738280e-02 6.970485918618731791e-01 5.989014307759255550e-04
1.174045271104498522e-02 7.008226830767053661e-01 5.431625522440406729e-04
1.163832536402059463e-02 7.045909092681965635e-01 4.875032594790266148e-04
1.153642804441329384e-02 7.083533180694117082e-01 4.319818875956158853e-04
1.143486883787741756e-02 7.121099564004487181e-01 3.766574538924939795e-04
1.133375707846253494e-02 7.158608704835073278e-01 3.215896549545798830e-04
1.123320334258259313e-02 7.196061058575502489e-01 2.668388636478889720e-04
1.113331944221137432e-02 7.233457073925781966e-01 2.124661259415213668e-04
1.103421841817162942e-02 7.270797193035234418e-01 1.585331575922716517e-04
1.093601453290409670e-02 7.308081851637818760e-01 1.051023407198975788e-04
1.083882326315439501e-02 7.345311479183895820e-01 5.223672020700643841e-05
1.074276129239338379e-02 7.382486498968539035e-01 0.000000000000000000e+00
1.074603672150299498e-02 7.419583744087652200e-01 2.423537563612324520e-06
1.085455575621249898e-02 7.456602699049917904e-01 6.274660222008694786e-05
1.097223224807321838e-02 7.493567075406830647e-01 1.281012541094656866e-04
3.158504362338793170e-02 7.526438706627656128e-01 3.241903049278585958e-04
6.771777198429297651e-02 7.554698716619290266e-01 6.575226245640348327e-04
9.507766973045730929e-02 7.582328962187865340e-01 9.345085768518178503e-04
1.180815030927562792e-01 7.609473319639260547e-01 1.183682598663933234e-03
1.384034485889309718e-01 7.636198472203782339e-01 1.417432820159587100e-03
1.568826233455594965e-01 7.662540218975265605e-01 1.641835308654021738e-03
1.739267192949423280e-01 7.687815607276961005e-01 1.279054262581207600e-02
1.898937584078086438e-01 7.712392501263192202e-01 2.967994955307241833e-02
2.050385310017952545e-01 7.736693964410129576e-01 4.529163760238397174e-02
2.194988155838764887e-01 7.760650791614466248e-01 5.887174610369457634e-02
2.333823866192209773e-01 7.784264198316630523e-01 7.111902935063144082e-02
2.467730214391098964e-01 7.807548746992462041e-01 8.240245359537874681e-02
2.597359093495484883e-01 7.830516625755299387e-01 9.295424233427797278e-02
2.723228161211571074e-01 7.853178661020047135e-01 1.029306585787569117e-01
2.845755479599666460e-01 7.875544818597377539e-01 1.124422636768051820e-01
2.965283550948806246e-01 7.897624482343423846e-01 1.215703824164928032e-01
3.082096462668213466e-01 7.919426621662554178e-01 1.303767116724661168e-01
3.196432404616090239e-01 7.940959897798874900e-01 1.389092497014960959e-01
3.308492992509458053e-01 7.962232733923999550e-01 1.472061249148440831e-01
3.418450334517840750e-01 7.983253362624211924e-01 1.552981629487733828e-01
3.526452470204503586e-01 8.004029858679222453e-01 1.632106630628846478e-01
3.632627614192053822e-01 8.024570161951164460e-01 1.709646609531202954e-01
3.737087507842435374e-01 8.044882093452239147e-01 1.785778475524680553e-01
3.839930095624894402e-01 8.064973366612314676e-01 1.860652511882290583e-01
3.941241683522062056e-01 8.084851595116799849e-01 1.934397531206166199e-01
4.041098695445831668e-01 8.104524298267049565e-01 2.007124833336446645e-01
4.139569114300990504e-01 8.123998904537766963e-01 2.078931286802588874e-01
4.236713673217844534e-01 8.143282753817847608e-01 2.149901758230121362e-01
4.332586847064172075e-01 8.162383098691021743e-01 2.220111049486439003e-01
4.427237682966688737e-01 8.181307105019498538e-01 2.289625458231228372e-01
4.520710500056902559e-01 8.200061852028188714e-01 2.358504046865324555e-01
4.613045482229956029e-01 8.218654332037746979e-01 2.426799683192399915e-01
4.704279182794475767e-01 8.237091449959591527e-01 2.494559900550687992e-01
4.794444956114975454e-01 8.255380022638416637e-01 2.561827613853037700e-01
4.883573328410382164e-01 8.273526778107920254e-01 2.628641719632046070e-01
4.971692317575721609e-01 8.291538354809214750e-01 2.695037601968030549e-01
5.058827710075103345e-01 8.309421300810506672e-01 2.761047561489612945e-01
5.145003301519198713e-01 8.327182073055789946e-01 2.826701181067294844e-01
5.230241106379425187e-01 8.344827036664699271e-01 2.892025639077118737e-01
5.314561541369670072e-01 8.362362464298499498e-01 2.957045978984881307e-01
5.397983586269001766e-01 8.379794535603816152e-01 3.021785342338202951e-01
5.480524925349781196e-01 8.397129336741480099e-01 3.086265170944328395e-01
5.562202072073150205e-01 8.414372860005350230e-01 3.150505382972254020e-01
5.643030479300393809e-01 8.431531003533926372e-01 3.214524526887636013e-01
5.723024636930804654e-01 8.448609571115108796e-01 3.278339916461524561e-01
5.802198158588670607e-01 8.465614272084223124e-01 3.341967749554056177e-01
5.880563858749625616e-01 8.482550721313356634e-01 3.405423212935219102e-01
5.958133821497660909e-01 8.499424439289622324e-01 3.468720575045813881e-01
6.034919461935753793e-01 8.516240852279544082e-01 3.531873268305779634e-01
6.110931581136413993e-01 8.533005292575609468e-01 3.594893962334327342e-01
6.186180415394407772e-01 8.549722998821770448e-01 3.657794629242487883e-01
6.260675680447940206e-01 8.566399116413204728e-01 3.720586601991290876e-01
6.334426611244926564e-01 8.583038697966310915e-01 3.783280626666313262e-01
6.407441997757563623e-01 8.599646703854739727e-01 3.845886909401654008e-01
6.479730217286705507e-01 8.616228002806909370e-01 3.908415158585402671e-01
6.551299263642081927e-01 8.632787372560547512e-01 3.970874622894400297e-01
6.622156773536401753e-01 8.649329500570303031e-01 4.033274125633717899e-01
6.692310050492775719e-01 8.665858984763836759e-01 4.095622095794834161e-01
6.761766086527941644e-01 8.682380334342501005e-01 4.157926596194193025e-01
6.830531581843988231e-01 8.698897970622504472e-01 4.220195349008423191e-01
6.898612962734519405e-01 8.715416227912653468e-01 4.282435758983770824e-01
6.966016397887154765e-01 8.731939354425050093e-01 4.344654934563975668e-01
7.032747813244420998e-01 8.748471513215234641e-01 4.406859707151723482e-01
7.098812905567883913e-01 8.765016783148017465e-01 4.469056648693517375e-01
7.164217154832955847e-01 8.781579159886133690e-01 4.531252087756444946e-01
7.228965835569288734e-01 8.798162556898413422e-01 4.593452124245547274e-01
7.293064027248578052e-01 8.814770806484688581e-01 4.655662642894713432e-01
7.356516623812796585e-01 8.831407660814233340e-01 4.717889325648495502e-01
7.419328342421872557e-01 8.848076792975916316e-01 4.780137663040342488e-01
7.481503731497878285e-01 8.864781798036613925e-01 4.842412964660912089e-01
7.543047178128553520e-01 8.881526194106417194e-01 4.904720368800332686e-01
7.603962914891336800e-01 8.898313423407946399e-01 4.967064851339854092e-01
7.664255026150431638e-01 8.915146853347953870e-01 5.029451233959918444e-01
7.723927453875473192e-01 8.932029777589147734e-01 5.091884191725880582e-01
7.782984003024234765e-01 8.948965417120728905e-01 5.154368260105142152e-01
7.841428346529516480e-01 8.965956921325730633e-01 5.216907841465445728e-01
7.899264029924475405e-01 8.983007369043839452e-01 5.279507211098189989e-01
7.956494475639358521e-01 9.000119769628068811e-01 5.342170522807164756e-01
8.013122986997289754e-01 9.017297063994266226e-01 5.404901814098418411e-01
8.069152751936340406e-01 9.034542125662027301e-01 5.467705011004363458e-01
8.124586846480923441e-01 9.051857761785981893e-01 5.530583932571766503e-01
8.179428237984105454e-01 9.069246714176542046e-01 5.593542295040292434e-01
8.233679788160507274e-01 9.086711660309045868e-01 5.656583715736388518e-01
8.287344255927350245e-01 9.104255214320585710e-01 5.719711716704438675e-01
8.340424300069623209e-01 9.121879927993729043e-01 5.782929728095718147e-01
8.392922481744393703e-01 9.139588291726399305e-01 5.846241091333383988e-01
8.444841266837188609e-01 9.157382735487409331e-01 5.909649062070335690e-01
8.496183028182697772e-01 9.175265629757062280e-01 5.973156812955462414e-01
8.546950047661162619e-01 9.193239286452249415e-01 6.036767436221998073e-01
8.597144518179694606e-01 9.211305959835908164e-01 6.100483946111163736e-01
8.646768545549355922e-01 9.229467847409911219e-01 6.164309281142491548e-01
8.695824150264187535e-01 9.247727090791888482e-01 6.228246306241927988e-01
8.744313269191887894e-01 9.266085776574867205e-01 6.292297814737223272e-01
8.792237757182341795e-01 9.284545937170044505e-01 6.356466530229869516e-01
8.839599388599899132e-01 9.303109551632415819e-01 6.420755108351985374e-01
8.886399858786689920e-01 9.321778546468847404e-01 6.485166138415443537e-01
8.932640785460942423e-01 9.340554796428851558e-01 6.549702144960621863e-01
8.978323710056026474e-01 9.359440125277824762e-01 6.614365589211051999e-01
9.023450099005221325e-01 9.378436306552406787e-01 6.679158870440017326e-01
9.068021344975244480e-01 9.397545064298513662e-01 6.744084327254485922e-01
9.112038768053301041e-01 9.416768073791589311e-01 6.809144238801585480e-01
9.155503616890998675e-01 9.436106962239231288e-01 6.874340825902266472e-01
9.198417069808196844e-01 9.455563309466334942e-01 6.939676252116387944e-01
9.240780235860274194e-01 9.475138648582603906e-01 7.005152624743365974e-01
9.282594155871074504e-01 9.494834466632743331e-01 7.070771995762160644e-01
9.323859803434613180e-01 9.514652205229259252e-01 7.136536362713666870e-01
9.364578085887845793e-01 9.534593261167950695e-01 7.202447669529272734e-01
9.404749845255980789e-01 9.554658987026612982e-01 7.268507807307961199e-01
9.444375859174325427e-01 9.574850691746240594e-01 7.334718615045231482e-01
9.483456841785898872e-01 9.595169641195996357e-01 7.401081880316064954e-01
9.521993444619539781e-01 9.615617058720939969e-01 7.467599339914260392e-01
9.559986257447590230e-01 9.636194125673679389e-01 7.534272680450864179e-01
9.597435809126664275e-01 9.656901981929415513e-01 7.601103538913045465e-01
9.634342568422319397e-01 9.677741726384726517e-01 7.668093503186005355e-01
9.670706944818040496e-01 9.698714417440766900e-01 7.735244112539260142e-01
9.706529289312052500e-01 9.719821073470114037e-01 7.802556858079302549e-01
9.741510137135410696e-01 9.740717470949494805e-01 7.875595308547368445e-01
9.775607180659238171e-01 9.761343598542988609e-01 7.955168319424172907e-01
9.809194913679609718e-01 9.782128954968465351e-01 8.034324894819296903e-01
9.842272828062039736e-01 9.803076082406041447e-01 8.113062899103372638e-01
9.874840454446353055e-01 9.824187448561239044e-01 8.191380170745182765e-01
9.906897361377431377e-01 9.845465446212902094e-01 8.269274527968649702e-01
9.938443154391154444e-01 9.866912392838564916e-01 8.346743773879461425e-01
9.969477475059772553e-01 9.888530530315564615e-01 8.423785701103210233e-01
1.000000000000000000e+00 9.910322024696135434e-01 8.500398095973373813e-01
