1.334550127113095065e-08 0.000000000000000000e+00 1.382819167548133899e-09
3.221623418186560315e-03 0.000000000000000000e+00 9.473498968663358628e-04
9.058205313486880281e-03 0.000000000000000000e+00 2.913129067934661781e-03
1.689857208363001323e-02 0.000000000000000000e+00 5.690211953563186452e-03
2.650020610701297324e-02 0.000000000000000000e+00 9.177766307752873928e-03
3.771412236725033701e-02 7.142488115134074805e-05 1.330763566851095141e-02
4.969960576081834669e-02 7.907335492071673267e-04 1.790133775998445712e-02
6.135914790749007197e-02 1.663611640747049989e-03 2.272547184099300843e-02
7.275272361094375917e-02 2.670661792536122622e-03 2.770284303039204782e-02
8.392245697268918558e-02 3.795461985092385242e-03 3.277079345146773071e-02
9.489819397259774414e-02 5.024410174049915093e-03 3.787915402434116618e-02
1.057021658843827622e-01 6.346045054868184460e-03 4.287574718191915907e-02
1.163516051824676351e-01 7.750564592979152477e-03 4.750491509200631401e-02
1.268603050037948876e-01 9.229476232562889432e-03 5.180613058252023923e-02
1.372395968130490640e-01 1.077533735039612646e-02 5.581019873503625245e-02
1.474989899862413634e-01 1.238155912399877337e-02 5.954307017635062510e-02
1.576466058355940336e-01 1.404225593063340889e-02 6.302688795378372233e-02
1.676894816973525937e-01 1.575212805325314214e-02 6.628075021849672011e-02
1.776315061570717113e-01 1.750612421266599383e-02 6.934113539755992761e-02
1.874755879296902961e-01 1.929956567175605472e-02 7.224633717152685597e-02
1.972285429432080461e-01 2.112860581019960007e-02 7.499422063896073187e-02
2.068955507123658166e-01 2.298958907644919891e-02 7.759062388521875686e-02
2.164812622982335844e-01 2.487912259301499479e-02 8.004078138792405928e-02
2.259898747436732136e-01 2.679404591271364669e-02 8.234941235738249543e-02
2.354251921257030922e-01 2.873140534866875859e-02 8.452079377374899227e-02
2.447906761131908304e-01 3.068843202944700893e-02 8.655882124419847501e-02
2.540894881988350340e-01 3.266252301485888382e-02 8.846706008850531433e-02
2.633245252559424099e-01 3.465122494700375450e-02 9.024878852768396242e-02
2.724984496913638865e-01 3.665221981727587175e-02 9.190703444790092325e-02
2.816137151848958076e-01 3.866331251190534279e-02 9.344460690565756233e-02
2.906725887944852649e-01 4.066774385211657100e-02 9.486412330522427105e-02
2.996771700464041510e-01 4.261156191258054504e-02 9.616803299746665146e-02
3.086294075066202125e-01 4.450614322019267460e-02 9.735863790746483726e-02
3.175311132343368592e-01 4.635333435769604243e-02 9.843811068705299316e-02
3.263839754441426599e-01 4.815483300205798678e-02 9.940851080050905342e-02
3.351895696444373018e-01 4.991220398458851709e-02 1.002717988817947298e-01
3.439493684730618450e-01 5.162689310681125437e-02 1.010298496459551415e-01
3.526647504136128930e-01 5.330023909205341970e-02 1.016844635925649026e-01
3.613370075457249531e-01 5.493348397791728704e-02 1.022373777030678443e-01
3.699673524580952555e-01 5.652778219662547843e-02 1.026902753047856248e-01
3.785569244329960448e-01 5.808420854465160682e-02 1.030447952508434933e-01
3.871067949945862785e-01 5.960376520691977598e-02 1.033025405462167923e-01
3.956179728997672451e-01 6.108738797212685812e-02 1.034650865347368082e-01
4.040914086390674509e-01 6.253595175261374151e-02 1.035339887494565736e-01
4.125279985056813925e-01 6.395027550352359869e-02 1.035107905188488164e-01
4.209285882829419401e-01 6.533112662077789068e-02 1.033970304133806084e-01
4.292939765939513541e-01 6.667922488492425415e-02 1.031942496107796786e-01
4.376249179515488419e-01 6.799524600764314530e-02 1.029039992535087517e-01
4.459221255421489394e-01 6.927982482917220686e-02 1.025278478683244038e-01
4.541862737730409938e-01 7.053355820781746777e-02 1.020673889151655911e-01
4.624180006094126827e-01 7.175700763673947824e-02 1.015242485307853576e-01
4.706179097245297704e-01 7.295070161824830646e-02 1.009000935313686675e-01
4.787865724841432469e-01 7.411513782150717933e-02 1.001966397377282436e-01
4.869245297841413578e-01 7.525078504602401852e-02 9.941566068634213882e-02
4.950322937587842698e-01 7.635808501014973437e-02 9.855899678939326891e-02
5.031103493753850131e-01 7.743745398120392698e-02 9.762856500685238026e-02
5.111591559300865395e-01 7.848928426155686588e-02 9.662636909331639989e-02
5.191791484583430094e-01 7.951394554300722506e-02 9.555451048155177984e-02
5.271707390728077591e-01 8.051178614014738166e-02 9.441519986310606405e-02
5.351343182405652321e-01 8.148313411190494238e-02 9.321076952363030466e-02
5.430702560109638144e-01 8.242829827921027697e-02 9.194368648616686734e-02
5.509789032046699120e-01 8.334756914567476027e-02 9.061656650899518883e-02
5.588605925739950075e-01 8.424121972725068241e-02 8.923218897496257296e-02
5.667156399439485792e-01 8.510950629611446772e-02 8.779351269557099380e-02
5.745440056238398929e-01 8.595261395174860763e-02 8.631097777254669035e-02
5.823470824451029149e-01 8.677094705793149398e-02 8.476415544690908688e-02
5.901263494994672953e-01 8.756491502937509275e-02 8.312811430277393387e-02
5.978822227465465655e-01 8.833474432692166312e-02 8.139947567662120242e-02
6.056151056230978380e-01 8.908064846458020603e-02 7.957438435215700989e-02
6.133253895963765023e-01 8.980282849048594473e-02 7.764843675297854186e-02
6.210134546870061945e-01 9.050147342972551801e-02 7.561659311978635722e-02
6.286796699635146535e-01 9.117676069172468700e-02 7.347306922694088471e-02
6.363243940104813534e-01 9.182885644466595720e-02 7.121120164707837874e-02
6.439479753721194522e-01 9.245791595911438676e-02 6.882327837309430707e-02
6.515507529729610559e-01 9.306408392282360109e-02 6.630032342281638735e-02
6.591330565171924505e-01 9.364749472849170919e-02 6.363181935217289420e-02
6.666952068680724874e-01 9.420827273607587649e-02 6.080534451529748946e-02
6.742375164087639483e-01 9.474653251106629481e-02 5.780609096138412950e-02
6.817602893858186741e-01 9.526237904002148038e-02 5.461621147920577013e-02
6.892638222364640965e-01 9.575590792448754329e-02 5.121391585184654344e-02
6.967484039007736385e-01 9.622720555432555389e-02 4.757218814095307696e-02
7.036588941817554232e-01 9.823810716597006221e-02 4.760098296012613139e-02
7.105565847055308470e-01 1.002140243893052951e-01 4.761323255441451963e-02
7.174416035154947968e-01 1.021562527791752967e-01 4.760890266381780089e-02
7.243140771710845360e-01 1.040659942598729792e-01 4.758794911387142362e-02
7.311741307152287428e-01 1.059443663209312519e-01 4.755031767252441977e-02
7.380218876488879864e-01 1.077924100891598791e-01 4.749594387689289737e-02
7.448574699118428732e-01 1.096110974392331544e-01 4.742475282883999721e-02
7.516809978689761307e-01 1.114013372782629713e-01 4.733665895810196256e-02
7.584925903013904902e-01 1.131639811179105948e-01 4.723156575142148372e-02
7.652923644017868288e-01 1.148998280296678054e-01 4.710936544590293290e-02
7.720804357735557844e-01 1.166096290642681527e-01 4.696993868450888288e-02
7.788393600954244267e-01 1.183528721532723510e-01 4.680467324106889204e-02
7.855588980190508774e-01 1.201643125372459930e-01 4.660796510801269027e-02
7.922393397554364780e-01 1.220431589373443121e-01 4.637910242014427892e-02
7.988801953604806050e-01 1.239910877574418313e-01 4.611692757675180110e-02
8.054809730508503129e-01 1.260096287491608846e-01 4.582020092467255223e-02
8.120411799531126462e-01 1.281001614431548363e-01 4.548759355054969589e-02
8.185603228385387453e-01 1.302639127143238318e-01 4.511767911968690703e-02
8.250379088432064911e-01 1.325019554773001762e-01 4.470892460586702727e-02
8.314734461729961223e-01 1.348152084898810166e-01 4.425967972515210819e-02
8.378664447930652681e-01 1.372044372247242794e-01 4.376816484800295781e-02
8.442164171013474272e-01 1.396702557540027978e-01 4.323245711573570765e-02
8.505228785856330243e-01 1.422131295780836302e-01 4.265047442679197748e-02
8.567853484637512063e-01 1.448333793181495188e-01 4.201995688173543186e-02
8.630033503063994083e-01 1.475311851838868593e-01 4.133844517841464561e-02
8.691764126421296366e-01 1.503065921212716205e-01 4.060325532360949119e-02
8.753040695440563734e-01 1.531595155417448395e-01 3.980846210525831180e-02
8.813858611978039326e-01 1.560897475329439954e-01 3.895020534094325443e-02
8.874213344502639433e-01 1.590969634520013332e-01 3.804018948480962503e-02
8.934100433387359708e-01 1.621807288053738194e-01 3.707713768481282757e-02
8.993515496000455967e-01 1.653405063236943195e-01 3.605975219684888489e-02
9.052454231592619305e-01 1.685756631460554877e-01 3.498671471567418173e-02
9.110912425976479545e-01 1.718854780351059541e-01 3.385668673770071690e-02
9.168885955995338399e-01 1.752691485519527193e-01 3.266830995575888824e-02
9.226370793778081447e-01 1.787257981280713226e-01 3.142020668585643328e-02
9.283363010777719859e-01 1.822544829796874655e-01 3.011098032584728218e-02
9.339858781591335868e-01 1.858541988183679272e-01 2.873921584587257536e-02
9.395854387559542387e-01 1.895238873196569418e-01 2.730348031031775563e-02
9.451346220144084542e-01 1.932624423191830199e-01 2.580232343094611067e-02
9.506330784082345220e-01 1.970687157129092093e-01 2.423427815077450198e-02
9.560804700318330518e-01 2.009415230446712219e-01 2.259786125819298816e-02
9.614764708709823138e-01 2.048796487701533553e-01 2.089157403069345081e-02
9.668207670511760332e-01 2.088818511917161780e-01 1.911390290753358159e-02
9.721130570636816737e-01 2.129468670629825200e-01 1.726332019054394387e-02
9.773530519693751639e-01 2.170734158661746516e-01 1.533828477220570800e-02
9.825404755805536849e-01 2.212602037682905032e-01 1.333724289007866270e-02
9.876750646208641848e-01 2.255059272651191715e-01 1.125862890652660001e-02
9.910271160256075573e-01 2.334972249846327674e-01 1.488444799039679786e-02
9.925213463098915279e-01 2.450369356676601051e-01 2.428238406236375713e-02
9.938664813799445996e-01 2.563836051822706574e-01 3.367713924206519605e-02
9.950678389957433589e-01 2.675491824750670378e-01 4.293698093863267812e-02
9.961308489731259819e-01 2.785434134795022887e-01 5.123444555531248001e-02
9.970547610289385299e-01 2.893701453643998112e-01 5.909761679635707615e-02
9.978410716118193413e-01 3.000334521741070959e-01 6.689375283078800860e-02
9.984957032312720138e-01 3.105392868239557624e-01 7.463215736596495731e-02
9.990245615382044031e-01 3.208927161678113427e-01 8.232181975601152168e-02
9.994335585001701272e-01 3.310981449066235927e-01 8.996879238823574099e-02
9.997285829320318173e-01 3.411594602225018202e-01 9.757717139103889992e-02
9.999154743451423855e-01 3.510801446458398090e-01 1.051497450551380636e-01
1.000000000000000000e+00 3.608633643418012182e-01 1.126884306881092979e-01
9.999878350109006053e-01 3.705120382385236888e-01 1.201945729734719276e-01
9.998845453243271342e-01 3.800288921345045812e-01 1.276691495759409434e-01
9.996955733747254769e-01 3.894165009736504368e-01 1.351129134588034408e-01
9.994262262110027439e-01 3.986773217665440239e-01 1.425264913661176691e-01
9.990816658831334074e-01 4.078137190992238148e-01 1.499104515845068597e-01
9.986669018795597541e-01 4.168279847597481380e-01 1.572653499864504756e-01
9.981867854112317362e-01 4.257223526955629112e-01 1.645917606287116142e-01
9.976460053463087618e-01 4.344990102674692323e-01 1.718902953344897677e-01
9.970490856096863030e-01 4.431601065720792709e-01 1.791616154186951582e-01
9.964003838730497442e-01 4.517077584513523592e-01 1.864064378295433311e-01
9.957040913733902210e-01 4.601440546859727476e-01 1.936255373528864843e-01
9.949642337104827039e-01 4.684710587719856378e-01 2.008197460772433440e-01
9.941846724863712126e-01 4.766908106019617786e-01 2.079899509936626867e-01
9.933691076621212757e-01 4.848053273089937276e-01 2.151370903687261360e-01
9.925210805189484953e-01 4.928166034809403073e-01 2.222621493560807682e-01
9.916439771220005861e-01 5.007266109110912744e-01 2.293661551845137536e-01
9.907410321956646726e-01 5.085372980179586611e-01 2.364501721662411737e-01
9.898153333291414002e-01 5.162505890396584807e-01 2.435152966991113999e-01
9.888698254401622201e-01 5.238683830862513879e-01 2.505626523844072251e-01
9.879073154331681206e-01 5.313925531153764759e-01 2.575933853432604836e-01
9.869304769960269841e-01 5.388249448818693832e-01 2.646086597860247691e-01
9.859418554863914608e-01 5.461673759002002582e-01 2.716096538677167938e-01
9.849438728652359920e-01 5.534216344489040207e-01 2.785975558470582536e-01
9.839388326408959884e-01 5.605894786384323369e-01 2.855735605552807699e-01
9.829289247921739747e-01 5.676726355575492100e-01 2.925388661726722739e-01
9.819162306437605459e-01 5.746728005084269508e-01 2.994946713050922749e-01
9.809027276713958576e-01 5.815916363365732922e-01 3.064421723486877025e-01
9.798902942179883446e-01 5.884307728585774777e-01 3.133825611284656310e-01
9.788807141051427685e-01 5.951918063882160048e-01 3.203170227947710891e-01
9.778756811275818306e-01 6.018762993595281330e-01 3.272467339608810533e-01
9.768768034204382555e-01 6.084857800440706121e-01 3.341728610646442221e-01
9.758856076917222788e-01 6.150217423584577459e-01 3.410965589372239037e-01
9.749035433142324569e-01 6.214856457575617110e-01 3.480189695623980284e-01
9.739319862729003408e-01 6.278789152081971636e-01 3.549412210104720966e-01
9.729722429650226045e-01 6.342029412378424880e-01 3.618644265316173780e-01
9.720255538521974659e-01 6.404590800527164562e-01 3.687896837942544748e-01
9.710930969637581178e-01 6.466486537195574869e-01 3.757180742549662278e-01
9.701759912525386165e-01 6.527729504054519127e-01 3.826506626473203387e-01
9.692752998045436330e-01 6.588332246702065520e-01 3.895884965778519948e-01
9.683920329047174258e-01 6.648306978059600469e-01 3.965326062183136546e-01
9.675271509616094612e-01 6.707665582189079601e-01 4.034840040841484732e-01
9.666815672941504456e-01 6.766419618482993892e-01 4.104436848899207790e-01
9.658561507840709437e-01 6.824580326181289847e-01 4.174126254732031804e-01
9.650517283978136129e-01 6.882158629172158149e-01 4.243917847791388032e-01
9.642690875819698304e-01 6.939165141036508500e-01 4.313821038985432010e-01
9.635089785364413517e-01 6.995610170298806052e-01 4.383845061530681764e-01
9.627721163696149054e-01 7.051503725849551651e-01 4.453998972214985863e-01
9.620591831398666027e-01 7.106855522507899980e-01 4.524291653018124859e-01
9.613708297878077458e-01 7.161674986694726019e-01 4.594731813041266766e-01
9.607076779635904673e-01 7.215971262189782021e-01 4.665327990701061411e-01
9.600703217535944134e-01 7.269753215948461245e-01 4.736088556148421169e-01
9.594593293107644971e-01 7.323029443956120543e-01 4.807021713875971880e-01
9.588752443927739399e-01 7.375808277099986654e-01 4.878135505481546175e-01
9.583185878121159851e-01 7.428097787040695010e-01 4.949437812558565852e-01
9.577898588020737902e-01 7.479905792067574888e-01 5.020936359686990480e-01
9.572895363024935822e-01 7.531239862923027051e-01 5.092638717501247747e-01
9.568180801690819859e-01 7.582107328583570505e-01 5.164552305814122946e-01
9.563759323098951493e-01 7.632515281986038680e-01 5.236684396777689932e-01
9.559635177524824501e-01 7.682470585689409326e-01 5.309042118064647431e-01
9.555812456451036052e-01 7.731979877463360795e-01 5.381632456054933344e-01
9.552295101952595902e-01 7.781049575796320505e-01 5.454462259014604131e-01
9.549086915486268978e-01 7.829685885316619576e-01 5.527538240255128743e-01
9.546191566114262672e-01 7.877894802121339080e-01 5.600866981262820898e-01
9.543612598190820417e-01 7.925682119008290449e-01 5.674454934789456839e-01
9.541353438538675569e-01 7.973053430607666137e-01 5.748308427895859607e-01
9.539417403142242957e-01 8.020014138410137550e-01 5.822433664941868425e-01
9.537807703382098490e-01 8.066569455689218682e-01 5.896836730516473724e-01
9.536527451834551083e-01 8.112724412316288936e-01 5.971523592302987460e-01
9.535579667659366265e-01 8.158483859466955090e-01 6.046500103874844489e-01
9.534967281596923305e-01 8.203852474218205071e-01 6.121772007418195827e-01
9.534693140595733585e-01 8.248834764036024891e-01 6.197344936378187397e-01
9.534760012089676939e-01 8.293435071153726357e-01 6.273224418026208671e-01
9.535170587943714304e-01 8.337657576841392970e-01 6.349415875945940702e-01
9.535927488085853554e-01 8.381506305567286708e-01 6.425924632436481598e-01
9.537033263842169539e-01 8.424985129052259269e-01 6.502755910831073960e-01
9.538490400990791152e-01 8.468097770218568909e-01 6.579914837730506116e-01
9.540301322550127638e-01 8.510847807034492840e-01 6.657406445150244600e-01
9.542468391315865883e-01 8.553238676256544881e-01 6.735235672580962563e-01
9.544993912160245619e-01 8.595273677071108009e-01 6.813407368962086652e-01
9.547880134106720984e-01 8.636955974637484656e-01 6.891926294568171407e-01
9.551129252192280816e-01 8.678288603534586310e-01 6.970797122808427559e-01
9.554743409129057286e-01 8.719274471113327429e-01 7.050024441939394260e-01
9.558724696776760288e-01 8.759916360757051823e-01 7.129612756691176001e-01
9.563075157435563245e-01 8.800216935052583844e-01 7.209566489807766043e-01
9.567796784970433732e-01 8.840178738874010511e-01 7.289889983501881554e-01
9.572891525775627519e-01 8.879804202381920142e-01 7.370587500825059868e-01
9.578361279588806232e-01 8.919095643940453400e-01 7.451663226953569863e-01
9.584207900162731164e-01 8.958055272954906778e-01 7.533121270390943369e-01
9.590433195803346189e-01 8.996685192632166705e-01 7.614965664087878228e-01
9.597038929781206429e-01 9.034987402666811995e-01 7.697200366480341227e-01
9.604026820623767779e-01 9.072963801855351562e-01 7.779829262446548155e-01
9.611398542295586100e-01 9.110616190641142031e-01 7.862856164183898988e-01
9.619155724272703267e-01 9.147946273592592048e-01 7.946284812006414455e-01
9.627299951517206411e-01 9.184955661817364447e-01 8.030118875063751993e-01
9.635832764358402969e-01 9.221645875314857799e-01 8.114361951982481669e-01
9.644755658285428801e-01 9.258018345269799498e-01 8.199017571430511353e-01
9.654070083657200207e-01 9.294074416289238583e-01 8.284089192605458285e-01
9.663777445333980864e-01 9.329815348585730472e-01 8.369580205647696447e-01
9.673879102235942717e-01 9.365242320108881913e-01 8.455493931979000122e-01
9.684376366832635474e-01 9.400356428628072747e-01 8.541833624567337635e-01
9.695270504567733427e-01 9.435158693768566085e-01 8.628602468118756752e-01
9.706562733223224049e-01 9.469650059003554832e-01 8.715803579196852446e-01
9.718254222226347938e-01 9.503831393604627031e-01 8.803440006270656371e-01
9.730346091903586681e-01 9.537703494552762784e-01 8.891514729691571972e-01
9.742839412683600431e-01 9.571267088412827029e-01 8.980030661599874842e-01
9.755735204254269988e-01 9.604522833173189111e-01 9.068990645761473290e-01
9.769034434674989109e-01 9.637471320053404567e-01 9.158397457335523129e-01
9.782738019448059541e-01 9.670113075281969728e-01 9.248253802573316307e-01
9.796846820551211588e-01 9.702448561846623853e-01 9.338562318449125099e-01
9.811361645434091283e-01 9.734478181219433646e-01 9.429325572223246077e-01
9.826283245981067838e-01 9.766202275058835092e-01 9.520546060938012145e-01
9.841612317441917890e-01 9.797621126891156162e-01 9.612226210846972485e-01
9.857349497333059984e-01 9.828734963773646527e-01 9.704368376777721128e-01
9.873495364310822531e-01 9.859543957941413472e-01 9.796974841428812697e-01
9.890050437018653717e-01 9.890048228440366795e-01 9.890047814601078402e-01
