4.738127168249294668e-03 1.023840162325628106e-01 1.129251269196760582e-02
5.986056072761363790e-03 1.138992707550283839e-01 1.284557666515746648e-02
7.251991301258816670e-03 1.251651770079822978e-01 1.448311852861737699e-02
8.517850505133220396e-03 1.362086817011340933e-01 1.621430498890162261e-02
9.767539598699640641e-03 1.470518779455680658e-01 1.804721863226541739e-02
1.098661264901443745e-02 1.577131786196865615e-01 1.998900065539679222e-02
1.216200865631935323e-02 1.682081439322734850e-01 2.204598002401956733e-02
1.328184429378221308e-02 1.785500809575597259e-01 2.422378578663517135e-02
1.433524818584154363e-02 1.887504880839124544e-01 2.652744297356421366e-02
1.531222657591348180e-02 1.988193911348797582e-01 2.896145383138879273e-02
1.620355309911438238e-02 2.087656020452347549e-01 3.152986646093352413e-02
1.700067733746569651e-02 2.185969210285604591e-01 3.423633284002124133e-02
1.769564820434338728e-02 2.283202967606858258e-01 3.708415798141084102e-02
1.828104917784716468e-02 2.379419548631639958e-01 4.007634171423805902e-02
1.874994310542799775e-02 2.474675021031331468e-01 4.321561433000428720e-02
1.909582481710449253e-02 2.569020117465071751e-01 4.650446711782861564e-02
1.931258016751296464e-02 2.662500941101006990e-01 4.994517863135401747e-02
1.939445041520183183e-02 2.755159553639673353e-01 5.353983737898562745e-02
1.933600106716532041e-02 2.847034469138564616e-01 5.729036150585566090e-02
1.913209448575584753e-02 2.938161071630840393e-01 6.119851593556788899e-02
1.877786568649061905e-02 3.028571970578689543e-01 6.526592735824612856e-02
1.826870085884932035e-02 3.118297305222932914e-01 6.949409738515240076e-02
1.760021822380846562e-02 3.207365006621479275e-01 7.388441413621316123e-02
1.676825090727381701e-02 3.295801024423339887e-01 7.843816248279145142e-02
1.576883156131705238e-02 3.383629524069075578e-01 8.315653313203233421e-02
1.459817850776870540e-02 3.470873059046607478e-01 8.804063070953910275e-02
1.325268321341015187e-02 3.557552721992858769e-01 9.309148097278774348e-02
1.172889893483277345e-02 3.643688277764464689e-01 9.831003726752132743e-02
1.002353039464416729e-02 3.729298281066214527e-01 1.036971863226517909e-01
8.133424370081666910e-03 3.814400180794916828e-01 1.092537534652601727e-01
6.055561092031326240e-03 3.899010412906179224e-01 1.149805073256248006e-01
3.787046365644254099e-03 3.983144483326107599e-01 1.208781640924218720e-01
1.325104335929697163e-03 4.066817042195213783e-01 1.269473913700143175e-01
1.332929168880882427e-03 4.150041950538244095e-01 1.331888116827534274e-01
4.189612774882884964e-03 4.232832340293152251e-01 1.396030056653368712e-01
7.247405232144415836e-03 4.315200668498346825e-01 1.461905149732022069e-01
1.050867066206173477e-02 4.397158766325549584e-01 1.529518449426663096e-01
1.397568342240901838e-02 4.478717883551236456e-01 1.598874670268273790e-01
1.765063262534471988e-02 4.559888728980099892e-01 1.669978210300812616e-01
2.153562634009104429e-02 4.640681507266556372e-01 1.742833171613871190e-01
2.563269550813953093e-02 4.721105952523018123e-01 1.817443379240594736e-01
2.994379759618864476e-02 4.801171359054625665e-01 1.893812398578164913e-01
3.447082000900880683e-02 4.880886609518179098e-01 1.971943551470393130e-01
3.921558328252344044e-02 4.960260200767070415e-01 2.051839931076729351e-01
4.417984407492581839e-02 5.039300267612734086e-01 2.133504415637984541e-01
4.936529797247092566e-02 5.118014604706526693e-01 2.216939681237974080e-01
5.477358212411239519e-02 5.196410686722362504e-01 2.302148213649132247e-01
6.040627771864207074e-02 5.274495687000325672e-01 2.389132319341530919e-01
6.626491231634572265e-02 5.352276494793865025e-01 2.477894135726574909e-01
7.235096204579397061e-02 5.429759731247477683e-01 2.568435640699298084e-01
7.866585367602024759e-02 5.506951764218571688e-01 2.660758661537285796e-01
8.521096657300535060e-02 5.583858722045017542e-01 2.754864883208192339e-01
9.198763454857285249e-02 5.660486506349609037e-01 2.850755856133266875e-01
9.899714760958669424e-02 5.736840803963414448e-01 2.948433003449609235e-01
1.062407536138818692e-01 5.812927098041646978e-01 3.047897627809950660e-01
1.137196598395931735e-01 5.888750678438650077e-01 3.149150917755371704e-01
1.214350344737989695e-01 5.964316651402197245e-01 3.252193953693142126e-01
9.925550022333665123e-02 6.032065075053792969e-01 3.280582960374096024e-01
5.090425134353857017e-02 6.093252417455500280e-01 3.242794388806385375e-01
1.526522306520108996e-05 6.153852922262832426e-01 3.191837160369030424e-01
5.119754224235549545e-02 6.213859549509920255e-01 3.125418535267084352e-01
8.609190134191892219e-02 6.273268630158683745e-01 3.042054079692896873e-01
1.125510055973886481e-01 6.332076463872494676e-01 2.940210630321282714e-01
1.349233625328604413e-01 6.390279380817789345e-01 2.818308574278441947e-01
1.548189432073503458e-01 6.447873799818918394e-01 2.674725056086938446e-01
1.730363638773912693e-01 6.504856282260874645e-01 2.507797924378045162e-01
1.900369972412230823e-01 6.561223581234469915e-01 2.315830262225685721e-01
2.061141020739509500e-01 6.616972685533697440e-01 2.097095362010104325e-01
2.214667743617629303e-01 6.672100858242617782e-01 1.849842016921962040e-01
2.362368627327003090e-01 6.726605669781775543e-01 1.572300010655596769e-01
2.505292178627746003e-01 6.780485025413358624e-01 1.262685696463275997e-01
2.644236167752311295e-01 6.833737187323694062e-01 9.192075673170654881e-02
2.779821858990925709e-01 6.886360791505702350e-01 5.400717305490661951e-02
2.912542338213898740e-01 6.938354859748678827e-01 1.234872127545081841e-02
3.042795161986374675e-01 6.989718807107434539e-01 3.323289664856379083e-02
3.170905111690561773e-01 7.040452445266636161e-01 7.131290728499778409e-02
3.297140478547637144e-01 7.090555982241226740e-01 9.924449704571913777e-02
3.421724989684774010e-01 7.140030018861379668e-01 1.228959400510007682e-01
3.544846719185679174e-01 7.188875542484705061e-01 1.441374830836019139e-01
3.666664865283748020e-01 7.237093918360268940e-01 1.638334522896480738e-01
3.787314986322368182e-01 7.284686879043678065e-01 1.824607619684701365e-01
3.906913103135797871e-01 7.331656512230908529e-01 2.003120552871319460e-01
4.025558953964248898e-01 7.378005247343538686e-01 2.175801310395939492e-01
4.143338606375967514e-01 7.423735841162425464e-01 2.343986247793848621e-01
4.260326574742428485e-01 7.468851362770440039e-01 2.508637401232434172e-01
4.376587552805714654e-01 7.513355178030474146e-01 2.670467807448555497e-01
4.492177843224481326e-01 7.557250933792529768e-01 2.830018188006607760e-01
4.607146546093562334e-01 7.600542541993480228e-01 2.987706149938081923e-01
4.721536553919909451e-01 7.643234163786296609e-01 3.143859000769706480e-01
4.835385389817704604e-01 7.685330193811596988e-01 3.298736353736519411e-01
4.948725917675501629e-01 7.726835244702933148e-01 3.452546131305809785e-01
5.061586946991658564e-01 7.767754131899330394e-01 3.605456163245525092e-01
5.173993750453212970e-01 7.808091858822597819e-01 3.757602763762482589e-01
5.285968508769792740e-01 7.847853602463723544e-01 3.909097187419595665e-01
5.397530694502113979e-01 7.887044699411370763e-01 4.060030564219729854e-01
5.508697404449801605e-01 7.925670632346222266e-01 4.210477723999466737e-01
5.619483648445839918e-01 7.963737017016796482e-01 4.360500196213978330e-01
5.729902601030806286e-01 8.001249589706511678e-01 4.510148588416698634e-01
5.839965821384092148e-01 8.038214195196189404e-01 4.659464490359953581e-01
5.949683445998696918e-01 8.074636775221940566e-01 4.808482011526215572e-01
6.059064357863908068e-01 8.110523357425515334e-01 4.957229032298813287e-01
6.168116335329965061e-01 8.145880044790879682e-01 5.105728229204072877e-01
6.276846183341598939e-01 8.180713005559315798e-01 5.253997920285800038e-01
6.385259849326124781e-01 8.215028463613331944e-01 5.402052766094016523e-01
6.493362525687129683e-01 8.248832689318654765e-01 5.549904353889484332e-01
6.601158740575356898e-01 8.282131990812742206e-01 5.697561686729765151e-01
6.708652438375148908e-01 8.314932705727396955e-01 5.845031594586282964e-01
6.815847051146406432e-01 8.347241193332931575e-01 5.992319081172385875e-01
6.922745562095949934e-01 8.379063827090862393e-01 6.139427617473718346e-01
7.029350562010435732e-01 8.410406987601991569e-01 6.286359390871246733e-01
7.135664299461464966e-01 8.441277055936942109e-01 6.433115517092871105e-01
7.241688725491575163e-01 8.471680407335928642e-01 6.579696220917612415e-01
7.347425533400012698e-01 8.501623405264913114e-01 6.726100990508304678e-01
7.452876194171926816e-01 8.531112395815381166e-01 6.872328709407157232e-01
7.558041988028406655e-01 8.560153702435128187e-01 7.018377769547569089e-01
7.662924032517791639e-01 8.588753620977831460e-01 7.164246168082553101e-01
7.767523307520212139e-01 8.616918415059113823e-01 7.309931590377765076e-01
7.871840677492781824e-01 8.644654311707595795e-01 7.455431481145780026e-01
7.975876911247506973e-01 8.671967497298999072e-01 7.600743105391900567e-01
8.079632699519094796e-01 8.698864113762415640e-01 7.745863600587481468e-01
8.183108670553197461e-01 8.725350255047457093e-01 7.890790021275606581e-01
8.286305403918801105e-01 8.751431963841795891e-01 8.035519377136961516e-01
8.389223442727626878e-01 8.777115228528499236e-01 8.180048665395658336e-01
8.491863304423088454e-01 8.802405980373254613e-01 8.324374898319866212e-01
8.594225490284588265e-01 8.827310090931382858e-01 8.468495126466659695e-01
8.696310493777560380e-01 8.851833369665295104e-01 8.612406458231220974e-01
8.798118807866061042e-01 8.875981561762970040e-01 8.756106076184303477e-01
8.899650931393038311e-01 8.899760346148485324e-01 8.899591250617349125e-01
8.899845379776549770e-01 8.899675211244609807e-01 8.899675010266527853e-01
8.936100203845211976e-01 8.815466718436753002e-01 8.815373938394736042e-01
8.972059030732417728e-01 8.730686026586705895e-01 8.730501747353334174e-01
9.007719783037279049e-01 8.645318282282704603e-01 8.645042375166860360e-01
9.043079567171943278e-01 8.559348230507437538e-01 8.558979216710643767e-01
9.078134626646799932e-01 8.472760212335828101e-01 8.472295108145680986e-01
9.112880291922252907e-01 8.385538163951680168e-01 8.384972311548168911e-01
9.147310926689515842e-01 8.297665617180450814e-01 8.296992499848994118e-01
9.181419870445247655e-01 8.209125701755680682e-01 8.208336742216527648e-01
9.215199377228971978e-01 8.119901149559246578e-01 8.118985490035590669e-01
9.248640550397964066e-01 8.029974301100082368e-01 8.028918563658007379e-01
9.281733273323989897e-01 7.939327114521882445e-01 7.938115140124737401e-01
9.314466135908940903e-01 7.847941177458028772e-01 7.846553742087731820e-01
9.346826356832714788e-01 7.755797722081689827e-01 7.754212228190285883e-01
9.378799701468535366e-01 7.662877643729770760e-01 7.661067785199358049e-01
9.410370395426361778e-01 7.569161523512468737e-01 7.567096922221445698e-01
9.441521033718984768e-01 7.474629655353480784e-01 7.472275467375992797e-01
9.472232485583573780e-01 7.379262077941203257e-01 7.376578567347209514e-01
9.502483795038999537e-01 7.283038612106695897e-01 7.279980690286754763e-01
9.532252077315895855e-01 7.185938904179253184e-01 7.182455632596588257e-01
9.561512411360912900e-01 7.087942475906225948e-01 7.083976530183572207e-01
9.590237728694868125e-01 6.989028781556291259e-01 6.984515874845657057e-01
9.618398698992060014e-01 6.889177272857426315e-01 6.884045536523560882e-01
9.645963612851415903e-01 6.788367472447297546e-01 6.782536792232710665e-01
9.672898262345952514e-01 6.686579056536510191e-01 6.679960362577375133e-01
9.699165820070341226e-01 6.583791947499406660e-01 6.576286456842802552e-01
9.724726717555226552e-01 6.479986417112719721e-01 6.471484827761886383e-01
9.749538524084433444e-01 6.375143201155363260e-01 6.365524837160136951e-01
9.773555827136889418e-01 6.269243626060302388e-01 6.258375533796091128e-01
9.796730115879787038e-01 6.162269748268318637e-01 6.150005744833650922e-01
9.819009669363937265e-01 6.054204506868380298e-01 6.040384182507029243e-01
9.840339451314946695e-01 5.945031890016313492e-01 5.929479567667146345e-01
9.860661013673821529e-01 5.834737115496186899e-01 5.817260772028876037e-01
9.879912411317707255e-01 5.723306825620684268e-01 5.703696981069936722e-01
9.898028130679624725e-01 5.610729296450903680e-01 5.588757879661750971e-01
9.914939035283960589e-01 5.496994661043804742e-01 5.472413862637751647e-01
9.930572331515081785e-01 5.382095146097717331e-01 5.354636272621958737e-01
9.944851558232333799e-01 5.266025320952866240e-01 5.235397667545973466e-01
9.957696604127994622e-01 5.148782357402948984e-01 5.114672120371560604e-01
9.969023756982129392e-01 5.030366298173191142e-01 4.992435553602821430e-01
9.978745789189346072e-01 4.910780331205071292e-01 4.868666111211225611e-01
9.986772084098564095e-01 4.790031066042679253e-01 4.743344570600722676e-01
9.993008807802744586e-01 4.668128807621642062e-01 4.616454797201642868e-01
9.997359131021071876e-01 4.545087821596599520e-01 4.487984244191591809e-01
9.999723505609711127e-01 4.420926583981887870e-01 4.357924499688158870e-01
1.000000000000000000e+00 4.295668006287494678e-01 4.226271883528696649e-01
9.998084697472200411e-01 4.169339625466123023e-01 4.093028095428357105e-01
9.993872160612355948e-01 4.041973745787491024e-01 3.958200915863510083e-01
9.987255964556295273e-01 3.913607517139612857e-01 3.821804960426648523e-01
9.978129300690476988e-01 3.784282931107438297e-01 3.683862487582163503e-01
9.966385651361672204e-01 3.654046712324811597e-01 3.544404258630433069e-01
9.951919534862636585e-01 3.522950077788249978e-01 3.403470447115866659e-01
9.934627318548513442e-01 3.391048330691661117e-01 3.261111592665573156e-01
9.914408096458253716e-01 3.258400247344898637e-01 3.117389590957303502e-01
9.891164626355268830e-01 3.125067205061783371e-01 2.972378706619465127e-01
9.864804319781245168e-01 2.991111984321124795e-01 2.826166588469753438e-01
9.835240277686245758e-01 2.856597158168588391e-01 2.678855255213927200e-01
9.802392363640310968e-01 2.721582952902587005e-01 2.530562002396105625e-01
9.766188306746262926e-01 2.586124422186948935e-01 2.381420154685304491e-01
9.726564827364964083e-01 2.450267714926660789e-01 2.231579546340539955e-01
9.683468780796722353e-01 2.314045124376585549e-01 2.081206548895618291e-01
9.636858317199799018e-01 2.177468463580867486e-01 1.930483366108572130e-01
9.586704060135216032e-01 2.040520088923049036e-01 1.779606161675797438e-01
9.532990310746858320e-01 1.903140533738432727e-01 1.628781341141087580e-01
9.475716288793381015e-01 1.765211115257460106e-01 1.478218916165059404e-01
9.414897424084504030e-01 1.626528842975159539e-01 1.328121225136987271e-01
9.350566710487975275e-01 1.486769082271287290e-01 1.178664144062354091e-01
9.282776127957665935e-01 1.345427841696293647e-01 1.029965807202221917e-01
9.211598126116722351e-01 1.201728226241338821e-01 8.820336215314117378e-02
9.137127150384033447e-01 1.054459379281423997e-01 7.346710756316418567e-02
9.059756253551798366e-01 9.004511546304810876e-02 5.851355615218201134e-02
8.966307108567994621e-01 8.095356363206465677e-02 4.947380646687207784e-02
8.853585344054613060e-01 8.144096242785432704e-02 4.966172855337174646e-02
8.740520883569976585e-01 8.185009230119202894e-02 4.981038754778044364e-02
8.627107151211741431e-01 8.218283552155200566e-02 4.992020116031293392e-02
8.513337340453901447e-01 8.244088190294898699e-02 4.999152817899671364e-02
8.399204402244795364e-01 8.262574558716091755e-02 5.002467115363662398e-02
8.284701032286254652e-01 8.273877947414606804e-02 5.001987866576659142e-02
8.169819657422914272e-01 8.278118763828154480e-02 4.997734722037742994e-02
8.054552421062997070e-01 8.275403600770686596e-02 4.989722278871802641e-02
7.938891167543876692e-01 8.265826153403658949e-02 4.977960202588629923e-02
7.822827425345646457e-01 8.249468003953645823e-02 4.962453318187097506e-02
7.706352389045729723e-01 8.226399289520823499e-02 4.943201672023846832e-02
7.589456899894946318e-01 8.196679265574217943e-02 4.920200565452133301e-02
7.472131424881972572e-01 8.160356775385757544e-02 4.893440560851150534e-02
7.354366034137188590e-01 8.117470633681166114e-02 4.862907460297592049e-02
7.236150376509155047e-01 8.068049931066784142e-02 4.828582256772424863e-02
7.117473653126379363e-01 8.012114264281686160e-02 4.790441057435910338e-02
6.998324588733554341e-01 7.949673895971207105e-02 4.748454978137704730e-02
6.878691400564470593e-01 7.880729846424124052e-02 4.702590007943545369e-02
6.758561764482816647e-01 7.805273918531097088e-02 4.652806842052217839e-02
6.637922778085758591e-01 7.723288656073688807e-02 4.599060681029520925e-02
6.516760920423870784e-01 7.634747234278513317e-02 4.541300993795727853e-02
6.395062007942039495e-01 7.539613280373676230e-02 4.479471241250120722e-02
6.272811146189580800e-01 7.437840620577007567e-02 4.413508556789610265e-02
6.149992676781017575e-01 7.329372948524677522e-02 4.343343379259953507e-02
6.026590119011046021e-01 7.214143408528453372e-02 4.268899033042235225e-02
5.902586105434700636e-01 7.092074085184867094e-02 4.190091249003575352e-02
5.777962310614311869e-01 6.963075388654778319e-02 4.106827618889051512e-02
5.652699372104441622e-01 6.827045322302950636e-02 4.019006974368929952e-02
5.526776802589892235e-01 6.683868616174226673e-02 3.926518680323923954e-02
5.400172891904385652e-01 6.533415705845710408e-02 3.829241829988741519e-02
5.272864597430735323e-01 6.375541531275409624e-02 3.727044327201500112e-02
5.144827421108142396e-01 6.210084124069522454e-02 3.619781838111415379e-02
5.016035270935663704e-01 6.036862943704326273e-02 3.506435384296685553e-02
4.886460304447636238e-01 5.855676913065390593e-02 3.389525852974528686e-02
4.756072751125358100e-01 5.666302090425411747e-02 3.269550170763808189e-02
4.624840710072694039e-01 5.468488897526756209e-02 3.146640506607097793e-02
4.492729918484564822e-01 5.261958800153321986e-02 3.020939565412961159e-02
4.359703485428289005e-01 5.046400306099579208e-02 2.892601805017117403e-02
4.225721584171946432e-01 4.821464102314130390e-02 2.761794842010377102e-02
4.090741094641734965e-01 4.586757092968579003e-02 2.628701082717088341e-02
3.954715185447266190e-01 4.341835015284883914e-02 2.493519623835360396e-02
3.817592822106147255e-01 4.086193187650607322e-02 2.356468477626463831e-02
3.679318184381973889e-01 3.819254764851588019e-02 2.217787189690710592e-02
3.539829970670501647e-01 3.539637883803602864e-02 2.077739934133689820e-02
3.399060560616367077e-01 3.253010616345090866e-02 1.936619192421708963e-02
3.256934997861125058e-01 2.967992354520783416e-02 1.794750149955938109e-02
3.113369741878166952e-01 2.685470566691430458e-02 1.652495980377112483e-02
2.968271119504633515e-01 2.406400957382538036e-02 1.510264234589607686e-02
2.821533380326264884e-01 2.131816836216060204e-02 1.368514613182778179e-02
2.673036221185381422e-01 1.862840373534833255e-02 1.227768482375978833e-02
2.522641586702367711e-01 1.600696245745023699e-02 1.088620601651525861e-02
2.370189462970191119e-01 1.346728342170968977e-02 9.517536749801897705e-03
2.215492239992036816e-01 1.102420443401499854e-02 8.179565288148300112e-03
2.058326988299474247e-01 8.694221232906420085e-03 6.881469731847530795e-03
1.898424608334723096e-01 6.495816282878377583e-03 5.634007318657920267e-03
1.735454135226021377e-01 4.449882398015509062e-03 4.449882398015437071e-03
