6.842516346182465382e-03 1.093331033802554392e-01 1.164064876808393670e-02
8.272637275103793264e-03 1.210858510064704435e-01 1.319229473879532377e-02
9.711092001657702782e-03 1.325931687193933062e-01 1.483586593334459795e-02
1.114019498840725618e-02 1.438806955324438142e-01 1.658048997439321576e-02
1.254416163699907140e-02 1.549695951708554287e-01 1.843417208527313444e-02
1.390878891954557689e-02 1.658776073171037702e-01 2.040395873432259907e-02
1.522120732806118808e-02 1.766197970839164799e-01 2.249607812036200083e-02
1.646968487566793579e-02 1.872091030431393133e-01 2.471605861619543057e-02
1.764346985367011914e-02 1.976567467876808037e-01 2.706882790794706492e-02
1.873266296593783034e-02 2.079725448729546344e-01 2.955879583748860506e-02
1.972811209218294434e-02 2.181651503945100379e-01 3.218992372035196781e-02
2.062132473609573635e-02 2.282422428493481870e-01 3.496578252338214399e-02
2.140439447625251332e-02 2.382106793228307706e-01 3.788960188671082474e-02
2.206993863646928428e-02 2.480766163033487071e-01 4.096431161568913487e-02
2.261104504283068320e-02 2.578456088772230204e-01 4.419257696453626066e-02
2.302122621258248514e-02 2.675226922837640187e-01 4.757682878357952921e-02
2.329437967639989490e-02 2.771124495562250489e-01 5.111928939953065687e-02
2.342475340420230659e-02 2.866190680727082052e-01 5.482199493543502694e-02
2.340691550985561989e-02 2.960463871832962890e-01 5.868681464634928346e-02
2.323572756879930395e-02 3.053979385933875412e-01 6.271546774209039998e-02
2.290632100565791196e-02 3.146769808192923512e-01 6.690953808429812855e-02
2.241407610664283151e-02 3.238865287566607409e-01 7.127048707731446775e-02
2.175460328831233664e-02 3.330293791916458246e-01 7.579966501765962594e-02
2.092372631621310791e-02 3.421081329219867184e-01 8.049832112249907801e-02
1.991746721677929016e-02 3.511252140283961376e-01 8.536761242134410788e-02
1.873203266630671729e-02 3.600828867370038933e-01 9.040861166568045504e-02
1.736380167377058956e-02 3.689832702346825810e-01 9.562231438695213692e-02
1.580931440178483943e-02 3.778283517361084587e-01 1.010096452133078943e-01
1.406526199232051993e-02 3.866199980508264744e-01 1.065714635389525267e-01
1.212847728253493157e-02 3.953599658576790188e-01 1.123085686261768718e-01
9.995926312099268768e-03 4.040499108606654399e-01 1.182217042086218528e-01
7.664700536059085995e-03 4.126913959730758030e-01 1.243115626547112440e-01
5.132009669062864883e-03 4.212858986543237538e-01 1.305787887420681581e-01
2.395175095756060454e-03 4.298348175053707254e-01 1.370239830868923425e-01
5.483762096997300698e-04 4.383394782132407075e-01 1.436477052664675014e-01
3.701117304731883686e-03 4.468011389222429908e-01 1.504504766680399563e-01
7.065426484406345416e-03 4.552209950987544107e-01 1.574327830930886962e-01
1.064359211156010697e-02 4.636001839473252173e-01 1.645950771424289638e-01
1.443781710516438971e-02 4.719397884281675837e-01 1.719377804044565361e-01
1.845022311816418153e-02 4.802408409196060046e-01 1.794612854662158141e-01
2.268285443181414923e-02 4.885043265634762544e-01 1.871659577646488382e-01
2.713768159115573231e-02 4.967311863267305228e-01 1.950521372933812225e-01
3.181660480365355176e-02 5.049223198084318298e-01 2.031201401786946192e-01
3.672145712038447918e-02 5.130785878178050208e-01 2.113702601367912493e-01
4.185400741778210615e-02 5.212008147459944452e-01 2.198027698231619920e-01
4.721596319586649632e-02 5.292897907515655698e-01 2.284179220837144197e-01
5.280897320700331937e-02 5.373462737774837850e-01 2.372159511162757750e-01
5.863462992887794739e-02 5.453709914153703764e-01 2.461970735502357899e-01
6.469447189292472367e-02 5.533646426310598887e-01 2.553614894512663547e-01
7.098998587927504711e-02 5.613278993640045123e-01 2.647093832573977346e-01
7.752260898795551580e-02 5.692614080117323061e-01 2.742409246520907673e-01
8.429373059514398692e-02 5.771657908093922318e-01 2.839562693793961645e-01
9.130469420277846637e-02 5.850416471134127772e-01 2.938555600058483375e-01
9.855679918885107416e-02 5.928895545973674741e-01 3.039389266332296335e-01
1.060513024650621555e-01 6.007100703673541320e-01 3.142064875660415812e-01
1.137894200484573654e-01 6.085037320034868413e-01 3.246583499371291093e-01
1.217723285524285604e-01 6.162710585334425506e-01 3.352946102945786877e-01
9.880796984846880460e-02 6.232314826488341009e-01 3.381776998321204264e-01
4.876122753163592005e-02 6.295148262618258661e-01 3.341931267070263889e-01
3.899393733231355103e-03 6.357379202490146541e-01 3.288468879441682202e-01
5.592429702048694329e-02 6.419000271276738001e-01 3.219017764442297369e-01
9.094390848439132258e-02 6.480007624471098016e-01 3.132046501612561484e-01
1.178192394540572008e-01 6.540397392005711241e-01 3.025973952395404343e-01
1.406528848482412053e-01 6.600165741233597894e-01 2.899171593717886353e-01
1.610110206050290871e-01 6.659308936214778374e-01 2.749966809311793492e-01
1.796816234309391302e-01 6.717823392669275417e-01 2.576646943925179345e-01
1.971237641483286895e-01 6.775705728067618061e-01 2.377463958317496961e-01
2.136308841473748832e-01 6.832952806452248229e-01 2.150639540989401077e-01
2.294030100473898326e-01 6.889561777717523317e-01 1.894370544481811525e-01
2.445830884421548723e-01 6.945530111213656932e-01 1.606834624046743487e-01
2.592770332915234066e-01 7.000855623673896133e-01 1.286195966584427475e-01
2.735655844522195679e-01 7.055536501587678089e-01 9.306110087629669569e-02
2.875117163025478484e-01 7.109571318249093830e-01 5.382340552990184240e-02
3.011654752613138197e-01 7.162959045797491209e-01 1.072227212207787703e-02
3.145672559315255690e-01 7.215699062633045280e-01 3.642568648777567974e-02
3.277500890940115430e-01 7.267791156634849647e-01 7.491341037731685804e-02
3.407412821502063816e-01 7.319235524634658541e-01 1.034315798202642273e-01
3.535636223511401388e-01 7.370032768606764595e-01 1.276668260523057541e-01
3.662362770768512465e-01 7.420183889028164614e-01 1.494715818260607954e-01
3.787754793701616496e-01 7.469690275844685923e-01 1.697109264693823227e-01
3.911950581492638079e-01 7.518553697452105000e-01 1.888649909710603536e-01
4.035068540388090375e-01 7.566776288068897127e-01 2.072295068003379981e-01
4.157210495926983440e-01 7.614360533841292300e-01 2.249998223896462757e-01
4.278464344971971700e-01 7.661309257984418863e-01 2.423116040775943336e-01
4.398906207285197545e-01 7.707625605226097187e-01 2.592626626345821972e-01
4.518602187182243490e-01 7.753313025784394075e-01 2.759255774928132676e-01
4.637609827974100152e-01 7.798375259076884003e-01 2.923554396923253029e-01
4.755979321869091558e-01 7.842816317328469289e-01 3.085948291828440326e-01
4.873754523375369851e-01 7.886640469217351956e-01 3.246771397148768834e-01
4.990973803427412037e-01 7.929852223673988787e-01 3.406288722756543041e-01
5.107670773369414885e-01 7.972456313926173932e-01 3.564712605724812411e-01
5.223874901808370774e-01 8.014457681864837202e-01 3.722214501961092492e-01
5.339612042674249937e-01 8.055861462789063454e-01 3.878933713855898247e-01
5.454904889218793462e-01 8.096672970575120587e-01 4.034983964347294005e-01
5.569773365877160876e-01 8.136897683302886097e-01 4.190458425597991532e-01
5.684234967712575859e-01 8.176541229363554208e-01 4.345433618171616885e-01
5.798305055421943965e-01 8.215609374064315462e-01 4.499972471050147083e-01
5.911997112488236450e-01 8.254108006739606651e-01 4.654126748987605366e-01
6.025322969951136809e-01 8.292043128372882377e-01 4.807938996538749787e-01
6.138293003363929357e-01 8.329420839728750581e-01 4.961444108414193588e-01
6.250916305770836123e-01 8.366247329992007042e-01 5.114670607788950329e-01
6.363200839938518705e-01 8.402528865907198385e-01 5.267641694098472716e-01
6.475153572580697459e-01 8.438271781410440209e-01 5.420376107246179798e-01
6.586780592906273935e-01 8.473482467743483904e-01 5.572888844386031382e-01
6.698087217480653832e-01 8.508167364038888847e-01 5.725191757423572225e-01
6.809078083106072654e-01 8.542332948364277367e-01 5.877294053335374580e-01
6.919757229188338021e-01 8.575985729212907138e-01 6.029202714806256580e-01
7.030128170856265735e-01 8.609132237427531420e-01 6.180922855148096584e-01
7.140193963929822862e-01 8.641779018544186730e-01 6.332458018723109427e-01
7.249957262689253890e-01 8.673932625542305486e-01 6.483810435951817830e-01
7.359420371273330819e-01 8.705599611987913100e-01 6.634981240298297722e-01
7.468585289430441643e-01 8.736786525556218264e-01 6.785970653286312881e-01
7.577453753255843916e-01 8.767499901920401406e-01 6.936778142530304336e-01
7.686027271469599853e-01 8.797746258993608404e-01 7.087402556905729734e-01
7.794307157724427171e-01 8.827532091510903456e-01 7.237842242287917394e-01
7.902294559372688987e-01 8.856863865938928715e-01 7.388095140723450749e-01
8.009990483073164969e-01 8.885748015700412061e-01 7.538158875436135054e-01
8.117395817572441441e-01 8.914190936701801293e-01 7.688030823689723237e-01
8.224511353959809146e-01 8.942198983151787850e-01 7.837708179216725801e-01
8.331337803658738217e-01 8.969778463659441314e-01 7.987188005662460011e-01
8.437875814390832785e-01 8.996935637600451674e-01 8.136467282277524138e-01
8.544125984320938283e-01 9.023676711740644674e-01 8.285542942911041653e-01
8.650088874570150965e-01 9.050007837106018860e-01 8.434411909205304925e-01
8.755765020263764908e-01 9.075935106088849347e-01 8.583071118764867835e-01
8.861154940262868651e-01 9.101464549779858526e-01 8.731517548965054276e-01
8.966259145713224576e-01 9.126602135516538317e-01 8.879748236973643571e-01
9.071078147531445035e-01 9.151353764638132660e-01 9.027760296481330826e-01
9.175612462935615055e-01 9.175725270438004344e-01 9.175550931570685131e-01
9.175784641496598226e-01 9.175631070867102945e-01 9.175805218305753685e-01
9.193239653906106756e-01 9.084418665912924462e-01 9.208180985672040908e-01
9.210351809538865897e-01 8.992651746963213899e-01 9.240253834573606273e-01
9.227109587117370282e-01 8.900320651108253323e-01 9.272007940795962133e-01
9.243500779376683241e-01 8.807415654066786947e-01 9.303426730632168296e-01
9.259512464229667783e-01 8.713926983157135320e-01 9.334492860151728522e-01
9.275130975087223506e-01 8.619844831679936981e-01 9.365188194680407197e-01
9.290341870372514910e-01 8.525159374811976942e-01 9.395493788601184670e-01
9.305129902279523080e-01 8.429860787113973020e-01 9.425389865597959549e-01
9.319478984837546998e-01 8.333939261758649408e-01 9.454855799476236111e-01
9.333372161358858277e-01 8.237385031587610706e-01 9.483870095707918058e-01
9.346791571360684170e-01 8.140188392107706727e-01 9.512410373861504009e-01
9.359718417071577479e-01 8.042339726537897082e-01 9.540453351093421963e-01
9.372132929651015854e-01 7.943829533017759958e-01 9.567974826891229023e-01
9.384014335273345164e-01 7.844648454086291522e-01 9.594949669275636417e-01
9.395340821250719454e-01 7.744787308536632553e-01 9.621351802684151577e-01
9.406089502396766111e-01 7.644237125745821926e-01 9.647154197776026674e-01
9.416236387861498525e-01 7.542989182570630780e-01 9.672328863415210476e-01
9.425756348700462528e-01 7.441035042888527462e-01 9.696846841105103421e-01
9.434623086475077969e-01 7.338366599847727656e-01 9.720678202165781157e-01
9.442809103220052291e-01 7.234976120870189042e-01 9.743792047961610248e-01
9.450285673153685506e-01 7.130856295426588609e-01 9.766156513503041481e-01
9.457022816550887390e-01 7.026000285571185611e-01 9.787738774762551053e-01
9.462989276246328574e-01 6.920401779186099445e-01 9.808505060058709812e-01
9.468152497283195412e-01 6.814055045838428581e-01 9.828420665875995388e-01
9.472478610277373923e-01 6.706954995096743311e-01 9.847449977499123097e-01
9.475932419119601491e-01 6.599097237086936074e-01 9.865556494850044045e-01
9.478477393696130848e-01 6.490478144986405740e-01 9.882702863922251391e-01
9.480075668365288699e-01 6.381094919060614767e-01 9.898850914210653995e-01
9.480688046986079920e-01 6.270945651733437209e-01 9.913961702535232234e-01
9.480274015353029604e-01 6.160029393049977209e-01 9.927995563652198818e-01
9.478791761947301664e-01 6.048346215735441733e-01 9.940912168037983054e-01
9.476198207968031806e-01 5.935897278871212768e-01 9.952670587216758680e-01
9.472449047655822074e-01 5.822684888997320396e-01 9.963229366982957469e-01
9.467498799962699163e-01 5.708712557202202387e-01 9.972546608843897431e-01
9.461300872655949989e-01 5.593985050472081166e-01 9.980580059975193707e-01
9.453807639964276754e-01 5.478508435236126850e-01 9.987287211941924259e-01
9.444970534882812796e-01 5.362290110651301012e-01 9.992625408391534458e-01
9.434740157242936798e-01 5.245338828713688173e-01 9.996551961870119296e-01
9.423066398622418349e-01 5.127664697748478551e-01 9.999024279851566055e-01
9.409898585117091319e-01 5.009279165203160966e-01 1.000000000000000000e+00
9.395185638912851855e-01 4.890194974930330285e-01 9.999437134609635569e-01
9.378876259484099087e-01 4.770426093271553092e-01 9.997294224083554948e-01
9.360919125098712268e-01 4.649987597210912815e-01 9.993530499225343755e-01
9.341263115126254846e-01 4.528895516615080163e-01 9.988106052025415016e-01
9.319857553426040830e-01 4.407166621058062894e-01 9.980982014529992119e-01
9.296652472831733460e-01 4.284818139870336662e-01 9.972120745286202625e-01
9.271598900451916148e-01 4.161867401750032336e-01 9.961486022765372317e-01
9.244649163173027651e-01 4.038331377388290067e-01 9.949043245080541054e-01
9.215757212386467279e-01 3.914226104898408387e-01 9.934759635238343822e-01
9.184878966573754022e-01 3.789565973124885412e-01 9.918604451103618658e-01
9.151972669980308339e-01 3.664362831761946993e-01 9.900549199213452001e-01
9.116999265205131264e-01 3.538624889079084457e-01 9.880567851561758985e-01
9.079922777143932811e-01 3.412355347141386441e-01 9.858637064494464308e-01
9.040710705370406108e-01 3.285550709557862326e-01 9.834736398916142930e-01
8.999334421745619483e-01 3.158198676261746995e-01 9.808848541125168019e-01
8.955769569839169275e-01 3.030275511005316447e-01 9.780959523775887288e-01
8.909996462660288996e-01 2.901742726114992510e-01 9.751058946733117683e-01
8.862000475269321553e-01 2.772542869287275558e-01 9.719140197954004856e-01
8.811772429117472605e-01 2.642594108680044740e-01 9.685200675036408358e-01
8.759308965496466204e-01 2.511783178610269562e-01 9.649242008746946597e-01
8.704612906338836664e-01 2.379956040634632619e-01 9.611270290741368294e-01
8.647693601882432413e-01 2.246905284517205781e-01 9.571296308893001425e-01
8.588567266523037258e-01 2.112352751752087365e-01 9.529335795269282539e-01
8.527257306710612772e-01 1.975924943766153574e-01 9.485409694024717897e-01
8.463794648284985733e-01 1.837117148197628391e-01 9.439544459599952253e-01
8.398218075666755711e-01 1.695239194049422415e-01 9.391772400108557850e-01
8.330574602624466474e-01 1.549329808372857942e-01 9.342132087467638346e-01
8.260919905373375061e-01 1.398014044155330704e-01 9.290668866125845193e-01
8.189318866231405369e-01 1.239249549141481638e-01 9.237435508844035192e-01
8.116025507166960695e-01 1.068895367495430598e-01 9.182659363953348253e-01
8.029827618289958613e-01 9.701431144732722278e-02 9.099632744530118389e-01
7.927818768355300305e-01 9.816976104798282032e-02 8.981614920606614261e-01
7.825534943421408318e-01 9.918979286647455762e-02 8.863335965097904889e-01
7.722970798726820352e-01 1.000799249287312592e-01 8.744790864718979817e-01
7.620120798372459481e-01 1.008450648985164677e-01 8.625974426394278360e-01
7.516979205318059520e-01 1.014895871015600581e-01 8.506881267909911504e-01
7.413540070683172223e-01 1.020173965818506473e-01 8.387505807923364420e-01
7.309797222292110375e-01 1.024319826856157495e-01 8.267842255275257290e-01
7.205744252395499538e-01 1.027364641112205046e-01 8.147884597542320861e-01
7.101374504494231132e-01 1.029336269436296469e-01 8.027626588763765447e-01
6.996681059183200713e-01 1.030259568726075298e-01 7.907061736266561836e-01
6.891656718923047098e-01 1.030156665481737482e-01 7.786183286506351831e-01
6.786293991637889489e-01 1.029047188357410381e-01 7.664984209832014228e-01
6.680585073024950526e-01 1.026948465835784696e-01 7.543457184070971877e-01
6.574521827448763789e-01 1.023875693963126610e-01 7.421594576820864653e-01
6.468095767277187713e-01 1.019842078129332280e-01 7.299388426319448619e-01
6.361298030499151768e-01 1.014858952105335832e-01 7.176830420749366057e-01
6.254119356443780253e-01 1.008935876916297741e-01 7.053911875816823995e-01
6.146550059397878352e-01 1.002080721599493962e-01 6.930623710423317041e-01
6.038579999891853234e-01 9.942997274481189807e-02 6.806956420226256688e-01
5.930198553394170347e-01 9.855975569515665335e-02 6.682900048858053665e-01
5.821394576118480435e-01 9.759773282975539588e-02 6.558444156542696524e-01
5.712156367606806562e-01 9.654406359823698713e-02 6.433577785813366923e-01
5.602471629704218747e-01 9.539875577734020784e-02 6.308289423993634903e-01
5.492327421484349825e-01 9.416166479686156887e-02 6.182566962057252091e-01
5.381710109619459725e-01 9.283249165900402111e-02 6.056397649425457885e-01
5.270605313611511633e-01 9.141077938178242268e-02 5.929768044195720123e-01
5.158997845208992405e-01 8.989590786051770976e-02 5.802663958218801099e-01
5.046871641226068350e-01 8.828708699925504055e-02 5.675070396350544444e-01
4.934209688850993425e-01 8.658334791410032816e-02 5.546971489097308750e-01
4.820993942376116115e-01 8.478353195007100329e-02 5.418350417746392589e-01
4.707205230095410919e-01 8.288627717831247022e-02 5.289189330920088805e-01
4.592823149890711276e-01 8.089000194641199348e-02 5.159469251309307669e-01
4.477825951754059730e-01 7.879288493415545491e-02 5.029169971121874028e-01
4.362190405160031870e-01 7.659284101074705087e-02 4.898269934513939661e-01
4.245891648791481066e-01 7.428749198374212659e-02 4.766746104947655605e-01
4.128903019615082770e-01 7.187413105549515790e-02 4.634573815020771592e-01
4.011195857672217868e-01 6.934967943148988290e-02 4.501726595824410149e-01
3.892739282160635472e-01 6.671063301525305411e-02 4.368175982279719483e-01
3.773499933385014438e-01 6.395299641441924698e-02 4.233891290149679465e-01
3.653441673886294594e-01 6.107220047685457676e-02 4.098839359476972866e-01
3.532525240433425640e-01 5.806299812640709074e-02 3.962984258005409210e-01
3.410707836456477460e-01 5.491933113871652616e-02 3.826286936625178936e-01
3.287942651750653256e-01 5.163415730318739877e-02 3.688704826939198655e-01
3.164178292651422808e-01 4.819922251146346870e-02 3.550191368538755943e-01
3.039358101036746529e-01 4.460475458001855048e-02 3.410695450311008181e-01
2.913419333967613434e-01 4.083904306276245344e-02 3.270160745812869529e-01
2.786292166820882876e-01 3.688440484335680364e-02 3.128524917066734523e-01
2.657898470332163421e-01 3.281379637873264171e-02 2.985718653543805168e-01
2.528150294431566469e-01 2.881986542019989231e-02 2.841664502869556963e-01
2.396947966605955660e-01 2.491936033421532012e-02 2.696275435878581761e-01
2.264177675770317477e-01 2.113019979864174530e-02 2.549453069609655120e-01
2.129708357802658492e-01 1.747163756497186263e-02 2.401085445657556994e-01
1.993387615198159435e-01 1.396446331326645605e-02 2.251044225326940817e-01
1.855036272204189651e-01 1.063125049140618492e-02 2.099181114122160852e-01
1.714440955464562877e-01 7.496666262465236964e-03 1.945323263745040998e-01
1.571343738234376453e-01 4.587864929151494985e-03 1.789267322369071933e-01
