2.696778996828744918e-03 1.001603516246948461e-01 1.146118971042120634e-02
3.796950850653611678e-03 1.120816789499283761e-01 1.310922346600861509e-02
4.928037109853466297e-03 1.237329695882790348e-01 1.483815021311123486e-02
6.070365186202522460e-03 1.351446512015855861e-01 1.665762516936127383e-02
7.206480972482959095e-03 1.463414566992186083e-01 1.857623680253434398e-02
8.320762132430822161e-03 1.573438497501414846e-01 2.060161918741353765e-02
9.399119834191345391e-03 1.681690166589769608e-01 2.274056727883113499e-02
1.042876472173680583e-02 1.788315766362836290e-01 2.499914372602037721e-02
1.139802044414327600e-02 1.893441030568691341e-01 2.738277356343909660e-02
1.229617301730726552e-02 1.997175142063093434e-01 2.989632639403679362e-02
1.311334761879155361e-02 2.099613716641417771e-01 3.254418699918464747e-02
1.384040669297280195e-02 2.200841118965916610e-01 3.533031574936346120e-02
1.446886483047847040e-02 2.300932286226317625e-01 3.825830024299884530e-02
1.499081701136840104e-02 2.399954182785927481e-01 4.133139949451668932e-02
1.539887761254080632e-02 2.497966973979207916e-01 4.455258183153421037e-02
1.568612817302948367e-02 2.595024983223891413e-01 4.792455749236226858e-02
1.584607235082661700e-02 2.691177479873743117e-01 5.144980675861395708e-02
1.587259683515697753e-02 2.786469333364515188e-01 5.513060432071002770e-02
1.575993722931424285e-02 2.880941560649220579e-01 5.896904045752916074e-02
1.550264811202766400e-02 2.974631787663813420e-01 6.296703951393722853e-02
1.509557663498134125e-02 3.067574640931603480e-01 6.712637607904527182e-02
1.453383913167625649e-02 3.159802081941434637e-01 7.144868920126552780e-02
1.381280030530345447e-02 3.251343694302036846e-01 7.593549492120667266e-02
1.292805463742575933e-02 3.342226931658356937e-01 8.058819735810840434e-02
1.187540971852585510e-02 3.432477332796438074e-01 8.540809854808896484e-02
1.065087124973508083e-02 3.522118709146840332e-01 9.039640720157220144e-02
9.250629503890616528e-03 3.611173308939635285e-01 9.555424652163262145e-02
7.671047066476702897e-03 3.699661961505178454e-01 1.008826612036975989e-01
5.908647703325998514e-03 3.787604204608903125e-01 1.063826237193144647e-01
3.960106223851041565e-03 3.875018397221235422e-01 1.120550399718550499e-01
1.822239227174742796e-03 3.961921819729197769e-01 1.179007543995700819e-01
5.080033665503376440e-04 4.048330763275446165e-01 1.239205545909566886e-01
3.033546083968402789e-03 4.134260609647384399e-01 1.301151754685462014e-01
5.757195039130709631e-03 4.219725902922606409e-01 1.364853030897328623e-01
8.681644511399183931e-03 4.304740413897879536e-01 1.430315781069148862e-01
1.180948301658658883e-02 4.389317198179665813e-01 1.497545989237714925e-01
1.514319892129027852e-02 4.473468648689998273e-01 1.566549245798850853e-01
1.868518564400925216e-02 4.557206543236969609e-01 1.637330773919324078e-01
2.243774648158316370e-02 4.640542087711027608e-01 1.709895453762354522e-01
2.640309909555326254e-02 4.723485955394000624e-01 1.784247844745414369e-01
3.058337968863474032e-02 4.806048322804372108e-01 1.860392206023188111e-01
3.498064689883606526e-02 4.888238902448603929e-01 1.938332515366620878e-01
3.959688543532559335e-02 4.970066972802098526e-01 2.018072486589722603e-01
4.443400947797817441e-02 5.051541405803895435e-01 2.099615585658858863e-01
4.949386586006827154e-02 5.132670692115146593e-01 2.182965045604809418e-01
5.477823705190173337e-02 5.213462964362071128e-01 2.268123880344985188e-01
6.028884396097407977e-02 5.293926018558456903e-01 2.355094897511685048e-01
6.602734856347608483e-02 5.374067333880945263e-01 2.443880710372807741e-01
7.199535637956293310e-02 5.453894090950741624e-01 2.534483748922017332e-01
7.819441880469160666e-02 5.533413188758927737e-01 2.626906270208468896e-01
8.462603530741416580e-02 5.612631260357537899e-01 2.721150367968497852e-01
9.129165550356162229e-02 5.691554687425869341e-01 2.817217981616241818e-01
9.819268111550598366e-02 5.770189613809959539e-01 2.915110904644357959e-01
1.053304678248370013e-01 5.848541958123349982e-01 3.014830792481361654e-01
1.127063270256735278e-01 5.926617425488192037e-01 3.116379169847826036e-01
1.203215274855761185e-01 6.004421518488144427e-01 3.219757437649718446e-01
1.281772969201743217e-01 6.081959547397395305e-01 3.324966879443875811e-01
1.056167658974854623e-01 6.151515672722511763e-01 3.354513955976063388e-01
5.641552307609878913e-02 6.214371193736590859e-01 3.316928606468868557e-01
4.616691496320881119e-03 6.276623700982774112e-01 3.265926581191592737e-01
4.847237982285920732e-02 6.338266136380160676e-01 3.199173518736550537e-01
8.538966593369576308e-02 6.399294823194993098e-01 3.115152881389978146e-01
1.129444010041843471e-01 6.459706044661265301e-01 3.012297693987732727e-01
1.361024675162801068e-01 6.519496108045698124e-01 2.888992894728866223e-01
1.566310340927093425e-01 6.578661404906546162e-01 2.743578631391822009e-01
1.753913070829695720e-01 6.637198466944697062e-01 2.574354313712424180e-01
1.928756826724874751e-01 6.695104016939803504e-01 2.379583263600600074e-01
2.093949902915738515e-01 6.752375014377381968e-01 2.157497821746602040e-01
2.251592177929869487e-01 6.809008695500408104e-01 1.906304780229778062e-01
2.403174209248857274e-01 6.865002607653067912e-01 1.624191020110197503e-01
2.549794603582650754e-01 6.920354637915699936e-01 1.309329242621241896e-01
2.692287323872519789e-01 6.975063036152083784e-01 9.598836932522999965e-02
2.831300596796827995e-01 7.029126432696279903e-01 5.740157898025759903e-02
2.967348103530096926e-01 7.082543850993960888e-01 1.498895781261281625e-02
3.100843461207961616e-01 7.135314715579198497e-01 3.143230476758430286e-02
3.232124193933741396e-01 7.187438855813258476e-01 7.124567172104771806e-02
3.361468851768176780e-01 7.238916505837998949e-01 1.001452881788911925e-01
3.489109524016282271e-01 7.289748301204626024e-01 1.245074529189411777e-01
3.615241173604614722e-01 7.339935272632821528e-01 1.463395000190392259e-01
3.740028725822603373e-01 7.389478837337277728e-01 1.665572613720084638e-01
3.863612537801792701e-01 7.438380788332542570e-01 1.856624790537340641e-01
3.986112678804746845e-01 7.486643282095063467e-01 2.039616241269077979e-01
4.107632322674565906e-01 7.534268824925431929e-01 2.216559619160511085e-01
4.228260467485912555e-01 7.581260258317255030e-01 2.388846694425798001e-01
4.348074138411080480e-01 7.627620743601754016e-01 2.557477603914360964e-01
4.467140188702712345e-01 7.673353746101881923e-01 2.723192583918506160e-01
4.585516784593232087e-01 7.718463018996288838e-01 2.886552352147617184e-01
4.703254638999260773e-01 7.762952587062543763e-01 3.047989563490764997e-01
4.820398043681695111e-01 7.806826730441279727e-01 3.207843064544554368e-01
4.936985738268337975e-01 7.850089968538306318e-01 3.366381453105929400e-01
5.053051646151834886e-01 7.892747044159645897e-01 3.523819734787302371e-01
5.168625500935277728e-01 7.934802907955845752e-01 3.680331380362628080e-01
5.283733382263254841e-01 7.976262703235638130e-01 3.836057233544556411e-01
5.398398176152316985e-01 8.017131751195030187e-01 3.991112209833764246e-01
5.512639972038986258e-01 8.057415536596523875e-01 4.145590413309879763e-01
5.626476406494195226e-01 8.097119693923381378e-01 4.299569099094043834e-01
5.739922961760987041e-01 8.136249994025480659e-01 4.453111779517916480e-01
5.852993225841476299e-01 8.174812331267329313e-01 4.606270685597735892e-01
5.965699119716121324e-01 8.212812711182709835e-01 4.759088736603535041e-01
6.078051096351808624e-01 8.250257238636561352e-01 4.911601129749254002e-01
6.190058315404093348e-01 8.287152106490955905e-01 5.063836633290229594e-01
6.301728796904261243e-01 8.323503584769431640e-01 5.215818645738331538e-01
6.413069556716687325e-01 8.359318010311614922e-01 5.367566068963663950e-01
6.524086726134221692e-01 8.394601776908521273e-01 5.519094031960536384e-01
6.634785657632189526e-01 8.429361325907623881e-01 5.670414493872567574e-01
6.745171018511777472e-01 8.463603137275862442e-01 5.821536748712092812e-01
6.855246873921183592e-01 8.497333721108029092e-01 5.972467849524650818e-01
6.965016760537685592e-01 8.530559609567619495e-01 6.123212966152481451e-01
7.074483752020992444e-01 8.563287349246951896e-01 6.273775687964948666e-01
7.183650517201961572e-01 8.595523493932987202e-01 6.424158280747637173e-01
7.292519371844462528e-01 8.627274597765737241e-01 6.574361905228959246e-01
7.401092324712940096e-01 8.658547208775559945e-01 6.724386803365260956e-01
7.509371118585045357e-01 8.689347862786322985e-01 6.874232457421137754e-01
7.617357266770568014e-01 8.719683077671279703e-01 7.023897726011169018e-01
7.725052085630346177e-01 8.749559347948688837e-01 7.173380960565315378e-01
7.832456723528709031e-01 8.778983139704660266e-01 7.322680105108416715e-01
7.939572186603534032e-01 8.807960885830661280e-01 7.471792781776996906e-01
8.046399361691961571e-01 8.836498981563751798e-01 7.620716364112694041e-01
8.152939036713002796e-01 8.864603780317461545e-01 7.769448039855423316e-01
8.259191918772633700e-01 8.892281589791901641e-01 7.917984864696656633e-01
8.365158650228624593e-01 8.919538668351808530e-01 8.066323808235307258e-01
8.470839822926018448e-01 8.946381221661405814e-01 8.214461793195915185e-01
8.576235990790992414e-01 8.972815399565602368e-01 8.362395728816143237e-01
8.681347680951340129e-01 8.998847293206919673e-01 8.510122539181617096e-01
8.786175403533489359e-01 9.024482932368129706e-01 8.657639187177375018e-01
8.890719660270622882e-01 9.049728283030811227e-01 8.804942694633223210e-01
8.994980952042297417e-01 9.074589245140191052e-01 8.952030159161471490e-01
9.098959785453786253e-01 9.099071650567084335e-01 9.098898768119270120e-01
9.098968322503170336e-01 9.099043081370877806e-01 9.099140163546119986e-01
9.001037029484922902e-01 9.054400860539922880e-01 9.123401108085635869e-01
8.902817489701243536e-01 9.009552655244408292e-01 9.147565105974874156e-01
8.804307348596818183e-01 8.964494281906486561e-01 9.171626342870764503e-01
8.705504313086711576e-01 8.919221442361909835e-01 9.195578723232719076e-01
8.606406160658272020e-01 8.873729720166028123e-01 9.219415859838411276e-01
8.507010749319674492e-01 8.828014576768379307e-01 9.243131062989496938e-01
8.407316028470325220e-01 8.782071347551700935e-01 9.266717329408715731e-01
8.307320050779373188e-01 8.735895237729998097e-01 9.290167330831635706e-01
8.207020985163984150e-01 8.689481318100988894e-01 9.313473402298049209e-01
8.106417130969866269e-01 8.642824520647537367e-01 9.336627530149875787e-01
8.005506933465572628e-01 8.595919633983106767e-01 9.359621339744943480e-01
7.904289000773710994e-01 8.548761298635628725e-01 9.382446082898273643e-01
7.802762122374078402e-01 8.501344002164611391e-01 9.405092625065576417e-01
7.700925289327467116e-01 8.453662074105874336e-01 9.427551432286690458e-01
7.598777716384349512e-01 8.405709680738414624e-01 9.449812557910214350e-01
7.496318866158353522e-01 8.357480819667976180e-01 9.471865629124637254e-01
7.393548475563871403e-01 8.308969314221829050e-01 9.493699833325498494e-01
7.290466584737391731e-01 8.260168807649289624e-01 9.515303904352890862e-01
7.187073568684816394e-01 8.211072757122889199e-01 9.536666108639140216e-01
7.083370171922596104e-01 8.161674427535038356e-01 9.557774231312026192e-01
6.979357546409017399e-01 8.111966885085449830e-01 9.578615562305672348e-01
6.875037293092612911e-01 8.061942990655019958e-01 9.599176882538016375e-01
6.770411507440678989e-01 8.011595392962230777e-01 9.619444450221659171e-01
6.665482829349367311e-01 7.960916521498768716e-01 9.639403987383257100e-01
6.560254497879930424e-01 7.909898579241972927e-01 9.659040666675797748e-01
6.454730411315006133e-01 7.858533535142502302e-01 9.678339098578156996e-01
6.348915193081864361e-01 7.806813116386880358e-01 9.697283319087081077e-01
6.242814264150285952e-01 7.754728800435933822e-01 9.715856778018598927e-01
6.136433922579159761e-01 7.702271806841934909e-01 9.734042328048297943e-01
6.029781430961114186e-01 7.649433088849085793e-01 9.751822214633826258e-01
5.922865112596344961e-01 7.596203324784687183e-01 9.769178066977333152e-01
5.815694457319876554e-01 7.542572909250968571e-01 9.786090890201416537e-01
5.708280238007816809e-01 7.488531944131023854e-01 9.802541058928653239e-01
5.600634638901337281e-01 7.434070229426362753e-01 9.818508312472775668e-01
5.492771397011328993e-01 7.379177253948265847e-01 9.833971751868142430e-01
5.384705958004012416e-01 7.323842185890508949e-01 9.848909838984247767e-01
5.276455648116016306e-01 7.268053863317753827e-01 9.863300397992605939e-01
5.168039863811088042e-01 7.211800784611154258e-01 9.877120619475602270e-01
5.059480281063633011e-01 7.155071098921812478e-01 9.890347067489284605e-01
4.950801086340909096e-01 7.097852596692647564e-01 9.902955689916005388e-01
4.842029231548860557e-01 7.040132700321636294e-01 9.914921832467051832e-01
4.733194715405870112e-01 6.981898455052758523e-01 9.926220256720450497e-01
4.624330893904723960e-01 6.923136520197693544e-01 9.936825162604718820e-01
4.515474822707534752e-01 6.863833160809774681e-01 9.946710215765254270e-01
4.406667634477864359e-01 6.803974239953680669e-01 9.955848580276023263e-01
4.297954954263962790e-01 6.743545211740299417e-01 9.964212957185905051e-01
4.189387356084344205e-01 6.682531115325385240e-01 9.971775629414819653e-01
4.081020863784010633e-01 6.620916570106379906e-01 9.978508513541562985e-01
3.972917498976722972e-01 6.558685772392069957e-01 9.984383219051267133e-01
3.865145878383572930e-01 6.495822493868699254e-01 9.989371115636986875e-01
3.757781862021674635e-01 6.432310082243232197e-01 9.993443409177464876e-01
3.650909252348291667e-01 6.368131464512599704e-01 9.996571227041238794e-01
3.544620542439353983e-01 6.303269153389964297e-01 9.998725713398919357e-01
3.439017708340752488e-01 6.237705257517736079e-01 9.999878135260781287e-01
3.334213036560018106e-01 6.171421496218175706e-01 1.000000000000000000e+00
3.230329971870397610e-01 6.104399219681474476e-01 9.999063185175605106e-01
3.127503962686083439e-01 6.036619435677200718e-01 9.997040081541018752e-01
3.025883270629243782e-01 5.968062844110739729e-01 9.993903750220931581e-01
2.925629696843938254e-01 5.898709881048073145e-01 9.989628095175041578e-01
2.826919159312325514e-01 5.828540774225956511e-01 9.984188052258408108e-01
2.729942032055194812e-01 5.757535612585570339e-01 9.977559796463224551e-01
2.634903127840118597e-01 5.685674433070133649e-01 9.969720969322586335e-01
2.542021170241587913e-01 5.612937328891615119e-01 9.960650929034303713e-01
2.451527558292944942e-01 5.539304584824210620e-01 9.950331026711303206e-01
2.363664177754604967e-01 5.464756847019838215e-01 9.938744913428906314e-01
2.278679957934230671e-01 5.389275337687795542e-01 9.925878884650355394e-01
2.196825812907859665e-01 5.312842129279408132e-01 9.911722271563976339e-01
2.118347540361305015e-01 5.235440499523676960e-01 9.896267893547687766e-01
2.043476174075509744e-01 5.157055399522449957e-01 9.879512593665542575e-01
1.971638798476663956e-01 5.077758489665613606e-01 9.861531542982957532e-01
1.922261571308382933e-01 5.005871769646804692e-01 9.792997797909211988e-01
1.902509873072966706e-01 4.943407226665367804e-01 9.661987938876116511e-01
1.882424833139362264e-01 4.880685688491487317e-01 9.530733305582073100e-01
1.862001471948721565e-01 4.817702113649696138e-01 9.399228915063551071e-01
1.841234594185510998e-01 4.754451279814099762e-01 9.267469601077765740e-01
1.820118776720552334e-01 4.690927774219333934e-01 9.135450004414781278e-01
1.798648355592020742e-01 4.627125983393832742e-01 9.003164562534368143e-01
1.776817411928484081e-01 4.563040082155219723e-01 8.870607498468696672e-01
1.754619756705458056e-01 4.498664021801031532e-01 8.737772808925979851e-01
1.732048914214614210e-01 4.433991517420534101e-01 8.604654251522871888e-01
1.709098104106902827e-01 4.369016034245467583e-01 8.471245331065921924e-01
1.685760221856159313e-01 4.303730772947581551e-01 8.337539284793242800e-01
1.662027817464802049e-01 4.238128653780804389e-01 8.203529066477861509e-01
1.637893072212869838e-01 4.172202299453272034e-01 8.069207329282593877e-01
1.613347773220017989e-01 4.105944016600947544e-01 7.934566407243702768e-01
1.588383285560234504e-01 4.039345775718534703e-01 7.799598295245697699e-01
1.562990521627340146e-01 3.972399189385471541e-01 7.664294627333195775e-01
1.537159907405999393e-01 3.905095488603886333e-01 7.528646653186575888e-01
1.510881345247937768e-01 3.837425497041515032e-01 7.392645212566186785e-01
1.484144172689257080e-01 3.769379602944815111e-01 7.256280707505073924e-01
1.456937116768656781e-01 3.700947728455538654e-01 7.119543072000865669e-01
1.429248243214867597e-01 3.632119296026672384e-01 6.982421738924361465e-01
1.401064899761657323e-01 3.562883191590160981e-01 6.844905603823399076e-01
1.372373652715490333e-01 3.493227724078051821e-01 6.706982985255760532e-01
1.343160215739656327e-01 3.423140580838739955e-01 6.568641581232317339e-01
1.313409369619688571e-01 3.352608778419865487e-01 6.429868421290247937e-01
1.283104871532414482e-01 3.281618608105658086e-01 6.290649813644336730e-01
1.252229352037792787e-01 3.210155575497923852e-01 6.150971286779414182e-01
1.220764197637007747e-01 3.138204333311400140e-01 6.010817524746981944e-01
1.188689416267026816e-01 3.065748606412682653e-01 5.870172295310132071e-01
1.155983482502635079e-01 2.992771107961364474e-01 5.729018369939468114e-01
1.122623158472407789e-01 2.919253445305615147e-01 5.587337434493286903e-01
1.088583285511110915e-01 2.845176014033102274e-01 5.445109989212044699e-01
1.053836540290009477e-01 2.770517878271087642e-01 5.302315236411605515e-01
1.018353147486789068e-01 2.695256634951039287e-01 5.158930953962427290e-01
9.821005388240136580e-02 2.619368259285007050e-01 5.014933352278954093e-01
9.450429453092192011e-02 2.542826928116747043e-01 4.870296912099564834e-01
9.071409054301933506e-02 2.465604817077800548e-01 4.724994199790357174e-01
8.683506664367754424e-02 2.387671866551092092e-01 4.578995656228544431e-01
8.286234479657041130e-02 2.308995510262152329e-01 4.432269354477086365e-01
7.879045260622054292e-02 2.229540358796850141e-01 4.284780720403968401e-01
7.461320794206689755e-02 2.149267828369824385e-01 4.136492209064449033e-01
7.032357156873349224e-02 2.068135702578317581e-01 3.987362927968892135e-01
6.591345594595511559e-02 1.986097611444050393e-01 3.837348196190786265e-01
6.137347276055084289e-02 1.903102407443079958e-01 3.686399025478450109e-01
5.669259285041596680e-02 1.819093411972352858e-01 3.534461505916143831e-01
5.185767759199530480e-02 1.734007497092370509e-01 3.381476073960026918e-01
4.685281607005738896e-02 1.647773955346710506e-01 3.227376634478845152e-01
4.165835863695352415e-02 1.560313093339648349e-01 3.072089500256839911e-01
3.624251826681109540e-02 1.471534459950542828e-01 2.915532101606180260e-01
3.080098150236541474e-02 1.381334583375615210e-01 2.757611404449206161e-01
2.562862709788494772e-02 1.289594035635659441e-01 2.598221956496648555e-01
2.074460542486878528e-02 1.196173556819384726e-01 2.437243457109065647e-01
1.616997167119222853e-02 1.100908832929093778e-01 2.274537717149758553e-01
1.192803376562755723e-02 1.003603291529272107e-01 2.109944844005293973e-01
8.044796306677891307e-03 9.040178824047161166e-02 1.943278467557067457e-01
4.549538100053047984e-03 8.018560901342676461e-02 1.774319859020508650e-01
