7.370945783708462117e-03 8.127329656178921072e-04 7.006080016626103739e-03
1.230802321843767547e-02 1.887260500371098918e-03 1.162516225054415105e-02
1.820378664034323635e-02 3.353569061730914472e-03 1.717157217321886586e-02
2.499073821126438291e-02 5.200331291560247177e-03 2.359653425412707936e-02
3.261942031773694406e-02 7.418136124535051196e-03 3.086374337705855703e-02
4.101584034977470011e-02 9.928097058537298583e-03 3.887895729998817190e-02
4.935678622383155023e-02 1.266465532844363549e-02 4.704771457549789676e-02
5.758143569103454928e-02 1.560439250773402488e-02 5.517683098770095884e-02
6.570009420086901641e-02 1.872724863969980891e-02 6.327411536271264347e-02
7.372059526621499437e-02 2.201588111736763748e-02 7.134612344379422100e-02
8.164911156847275142e-02 2.545515391061489371e-02 7.939840454264820990e-02
8.949065776530636118e-02 2.903174917144391715e-02 8.743570681217460727e-02
9.724941519038417248e-02 3.273386454009979268e-02 9.546213820628210445e-02
1.049289487730758058e-01 3.655097253299376125e-02 1.034812904626318392e-01
1.124920128318537965e-01 4.035704779535026487e-02 1.114542773045338886e-01
1.197584086629498723e-01 4.428732352613323070e-02 1.191937197988977293e-01
1.269270514558958340e-01 4.813871647982177759e-02 1.269073583680615791e-01
1.340006102438265900e-01 5.191949892825113710e-02 1.345980138187472253e-01
1.409815046645181980e-01 5.563694221909694371e-02 1.422682560062024926e-01
1.478719390975253012e-01 5.929748380285785464e-02 1.499204347023721240e-01
1.546739298577638200e-01 6.290685892494642106e-02 1.575567052621112130e-01
1.613893272112307820e-01 6.647020594350877554e-02 1.651790501629272212e-01
1.680198334635978064e-01 6.999215161345682945e-02 1.727892972379780623e-01
1.745670180227426038e-01 7.347688091527967980e-02 1.803891352328770570e-01
1.810287409387169588e-01 7.693214932217151691e-02 1.879769418991169283e-01
1.873928414892965244e-01 8.037634120922750036e-02 1.955421992475671611e-01
1.936655284421834322e-01 8.380721082653487530e-02 2.030906792770428015e-01
1.998488566272840494e-01 8.722669189819733104e-02 2.106244406450824280e-01
2.059447075045691689e-01 9.063656122200951237e-02 2.181453680646649185e-01
2.119548056156756455e-01 9.403845595138282665e-02 2.256551900609690409e-01
2.178807330166089851e-01 9.743388843010009071e-02 2.331554943875266683e-01
2.237239419905277249e-01 1.008242589880856965e-01 2.406477414669096204e-01
2.294857662879630777e-01 1.042108670287875960e-01 2.481332761555730126e-01
2.351674311004046114e-01 1.075949206775742295e-01 2.556133380802150801e-01
2.407700619397378505e-01 1.109775452119326350e-01 2.630890707510338822e-01
2.462946925687690691e-01 1.143597904554189415e-01 2.705615296232988798e-01
2.517422721057850366e-01 1.177426372860652104e-01 2.780316892510411586e-01
2.571136714076767138e-01 1.211270033847111904e-01 2.855004496540641257e-01
2.624096888209406231e-01 1.245137483281878316e-01 2.929686420008834613e-01
2.676310553771518719e-01 1.279036781155181435e-01 3.004370336948356535e-01
2.727784394988738703e-01 1.312975492015204526e-01 3.079063329378264879e-01
2.778524512730245477e-01 1.346960721008473583e-01 3.153771928355226239e-01
2.828536463411591706e-01 1.380999146160730162e-01 3.228502150988795116e-01
2.877825294497173836e-01 1.415097047356178583e-01 3.303259533893523892e-01
2.926395576978358393e-01 1.449260332407393548e-01 3.378049163488139328e-01
2.974251435156480827e-01 1.483494560553496322e-01 3.452875703497966797e-01
3.021396574020169812e-01 1.517804963677685526e-01 3.527743419971074434e-01
3.067834304471871998e-01 1.552196465496446798e-01 3.602656204079418001e-01
3.113567566628966388e-01 1.586673698939390642e-01 3.677617592942756253e-01
3.158598951399188559e-01 1.621241021910588276e-01 3.752630788684295782e-01
3.202930720507664586e-01 1.655902531598246741e-01 3.827698675902261871e-01
3.246564825133890775e-01 1.690662077478803926e-01 3.902823837719964772e-01
3.289502923299709725e-01 1.725523273144075609e-01 3.978008570558600465e-01
3.331746396134919741e-01 1.760489507064579018e-01 4.053254897760558695e-01
3.373296363134190567e-01 1.795563952389225004e-01 4.128564582177182696e-01
3.414153696507546965e-01 1.830749575870037893e-01 4.203939137822499394e-01
3.454319034716914483e-01 1.866049145990736902e-01 4.279379840683665281e-01
3.493792795282343322e-01 1.901465240369417664e-01 4.354887738769526728e-01
3.532575186933871736e-01 1.937000252498020658e-01 4.430463661470265269e-01
3.570666221178253608e-01 1.972656397874756051e-01 4.506108228293874141e-01
3.608065723343554243e-01 2.008435719579968193e-01 4.581821857038633761e-01
3.644773343159499746e-01 2.044340093340763220e-01 4.657604771455163273e-01
3.680788564926630868e-01 2.080371232125413916e-01 4.733457008446463332e-01
3.716110717323179991e-01 2.116530690304581075e-01 4.809378424849799494e-01
3.750738982894722962e-01 2.152819867413083565e-01 4.885368703840405336e-01
3.784672407268594441e-01 2.189240011542744613e-01 4.961427360993233004e-01
3.817909908131896235e-01 2.225792222394273323e-01 5.037553750035894673e-01
3.850450284009409030e-01 2.262477454013820666e-01 5.113747068322981315e-01
3.882292222875429744e-01 2.299296517237582049e-01 5.190006362059368383e-01
3.913434310631426216e-01 2.336250081866127482e-01 5.266330531297870321e-01
3.943875039479549649e-01 2.373338678588444439e-01 5.342718334734385399e-01
3.973612816220483124e-01 2.410562700674132863e-01 5.419168394321876026e-01
4.002645970502676787e-01 2.447922405451019578e-01 5.495679199722720565e-01
4.030972763048570884e-01 2.485417915584245130e-01 5.572249112617566613e-01
4.058591393882534648e-01 2.523049220171840190e-01 5.648876370887098153e-01
4.085500010583991148e-01 2.560816175670978523e-01 5.725559092682230844e-01
4.111696716588429945e-01 2.598718506668257766e-01 5.802295280396636556e-01
4.137179579558389331e-01 2.636755806506566602e-01 5.879082824554731079e-01
4.161946639845424678e-01 2.674927537780698583e-01 5.955919507627079890e-01
4.185995919063935644e-01 2.713233032713062154e-01 6.032803007784212079e-01
4.209325428796806268e-01 2.751671493420616565e-01 6.109730902599160851e-01
4.231933179452775917e-01 2.790241992083477562e-01 6.186700672707942106e-01
4.253817189294684664e-01 2.828943471025538448e-01 6.263709705436699693e-01
4.274975493657617864e-01 2.867774742716998060e-01 6.340755298403354390e-01
4.295406154375921992e-01 2.906734489708309721e-01 6.417834663100989712e-01
4.315107269437211124e-01 2.945821264505195658e-01 6.494944928469542633e-01
4.334076982882025808e-01 2.985033489393744688e-01 6.572083144461746684e-01
4.352313494967172680e-01 3.024369456224737518e-01 6.649246285608759743e-01
4.369815072610837570e-01 3.063827326166148057e-01 6.726431254590249376e-01
4.386580060137369452e-01 3.103405129432643683e-01 6.803634885813182320e-01
4.402606890339788026e-01 3.143100765000740315e-01 6.880853949003170600e-01
4.417894095877628047e-01 3.182912000318453005e-01 6.958085152811469554e-01
4.432440321028163210e-01 3.222836471017902493e-01 7.035325148440503273e-01
4.446244333808468396e-01 3.262871680639660155e-01 7.112570533290066832e-01
4.459305038486315320e-01 3.303015000377263477e-01 7.189817854626000537e-01
4.471621488497369845e-01 3.343263668850627313e-01 7.267063613272664035e-01
4.483192899786427876e-01 3.383614791916851328e-01 7.344304267330007407e-01
4.494018664590220813e-01 3.424065342527067290e-01 7.421536235915555668e-01
4.504098365679192195e-01 3.464612160637960403e-01 7.498755902931358852e-01
4.513431791075718791e-01 3.505251953186579450e-01 7.575959620855192700e-01
4.522018949266010668e-01 3.545981294137070527e-01 7.653143714555137311e-01
4.529860084922467944e-01 3.586796624608136752e-01 7.730304485126020531e-01
4.536955695153611634e-01 3.627694253089721599e-01 7.807438213745924172e-01
4.543306546297828930e-01 3.668670355757816526e-01 7.884541165550368325e-01
4.548913691277013394e-01 3.709720976895989897e-01 7.961609593521473682e-01
4.553778487525863561e-01 3.750842029432419067e-01 8.038639742388871134e-01
4.557902615511755240e-01 3.792029295601018202e-01 8.115627852538880305e-01
4.561288097859512725e-01 3.833278427735486993e-01 8.192570163927859195e-01
4.563937319094744094e-01 3.874584949204779583e-01 8.269462919995359540e-01
4.565853046018134020e-01 3.915944255498650106e-01 8.346302371572320578e-01
4.567038448722199329e-01 3.957351615471731421e-01 8.423084780779179770e-01
4.567497122260465447e-01 3.998802172754626350e-01 8.499806424908239455e-01
4.567233108977549194e-01 4.040290947340232641e-01 8.576463600284630617e-01
4.566250921506826987e-01 4.081812837353540613e-01 8.653052626099512201e-01
4.564555566440054446e-01 4.123362621012874318e-01 8.729569848209165484e-01
4.562152568671071773e-01 4.164934958790399988e-01 8.806011642893114555e-01
4.559047996412667891e-01 4.206524395779537850e-01 8.882374420564349560e-01
4.555248486882883530e-01 4.248125364276575944e-01 8.958654629424389615e-01
4.550761272652482647e-01 4.289732186583710694e-01 9.034848759055791323e-01
4.545594208642312894e-01 4.331339078040100099e-01 9.110953343944621086e-01
4.539755799752997478e-01 4.372940150287688565e-01 9.186964966925073028e-01
4.533255229105673800e-01 4.414529414777517147e-01 9.262880262538751852e-01
4.526102386864575000e-01 4.456100786522584345e-01 9.338695920300666975e-01
4.518307899606694433e-01 4.497648088102224051e-01 9.414408687864431746e-01
4.509883160195273244e-01 4.539165053922977755e-01 9.490015374078957233e-01
4.500840358105137051e-01 4.580645334740113817e-01 9.565512851929145466e-01
4.491192510138260485e-01 4.622082502443664032e-01 9.640898061353538884e-01
4.480953491456834414e-01 4.663470055112073354e-01 9.716168011931630710e-01
4.485860624724304913e-01 4.704993946483803091e-01 9.765799029388662067e-01
4.506430985042706450e-01 4.746663060838924308e-01 9.789320959220908502e-01
4.527105453704746152e-01 4.788291435447852296e-01 9.812100306506738034e-01
4.547876995226302621e-01 4.829881620235184081e-01 9.834140035991890683e-01
4.568739279201610159e-01 4.871435667147626103e-01 9.855443754109532994e-01
4.589686694731424654e-01 4.912955147725052707e-01 9.876015684416458162e-01
4.610714358521988410e-01 4.954441172629756029e-01 9.895860640290451427e-01
4.631818117214657748e-01 4.995894412774887217e-01 9.914983995366331015e-01
4.652994544512140673e-01 5.037315121709724508e-01 9.933391652166717600e-01
4.674240933661349406e-01 5.078703158940196527e-01 9.951090009356992061e-01
4.695555285839789206e-01 5.120058013886247261e-01 9.968085928024363884e-01
4.716936294971482702e-01 5.161378830202690837e-01 9.984386697348760498e-01
4.738383329471927419e-01 5.202664430216675795e-01 1.000000000000000000e+00
4.771452721721217705e-01 5.243548762954125531e-01 9.997731822854638573e-01
4.809539455191920720e-01 5.284696731518914170e-01 9.985006639682052487e-01
4.846272494363545458e-01 5.326357356574972224e-01 9.971007775894706882e-01
4.881742931446613198e-01 5.368473872461884122e-01 9.955832585470077989e-01
4.916039787761642410e-01 5.410991169213170693e-01 9.939576132823099153e-01
4.949249590116997499e-01 5.453856156157418367e-01 9.922330774088750083e-01
4.981456051292927345e-01 5.497018034765820405e-01 9.904185829087966964e-01
5.012739838635728029e-01 5.540428492595050880e-01 9.885227333303381325e-01
5.043178416547572374e-01 5.584041829669506019e-01 9.865537859660683528e-01
5.072845950376378976e-01 5.627815027889706556e-01 9.845196400557884031e-01
5.101813260825887042e-01 5.671707773142062869e-01 9.824278301337674435e-01
5.130147819490050720e-01 5.715682438798529441e-01 9.802855237202994232e-01
5.157913777459508520e-01 5.759704038289130690e-01 9.780995226392144026e-01
5.185172020147609251e-01 5.803740153448598837e-01 9.758762673229798290e-01
5.211980242541394137e-01 5.847760844408224079e-01 9.736218435432880680e-01
5.238393040011914970e-01 5.891738545942849514e-01 9.713419910764176102e-01
5.264462010621847599e-01 5.935647954401577220e-01 9.690421138783686938e-01
5.290235865564215656e-01 5.979465908651750983e-01 9.667272914045476062e-01
5.315760544960933531e-01 6.023171267849930510e-01 9.644022907624650864e-01
5.341079336758092211e-01 6.066744788316674741e-01 9.620715794338469129e-01
5.366232996885642592e-01 6.110169001329448513e-01 9.597393383448113990e-01
5.391259869212909894e-01 6.153428093253049402e-01 9.574094750999559977e-01
5.416196004136881736e-01 6.196507789093577134e-01 9.550856372285175810e-01
5.441075274896494118e-01 6.239395240282153976e-01 9.527712253188350688e-01
5.465929490917733613e-01 6.282078917263507201e-01 9.504694059414917628e-01
5.490788507672030860e-01 6.324548507273529685e-01 9.481831242822053030e-01
5.515680332674022246e-01 6.366794817535760265e-01 9.459151164231441866e-01
5.540631227365343525e-01 6.408809683981926408e-01 9.436679212262951699e-01
5.565665804725909993e-01 6.450585885503484773e-01 9.414438917850496136e-01
5.590807122534138252e-01 6.492117063663720433e-01 9.392452064207216234e-01
5.616076772258024041e-01 6.533397647741471248e-01 9.370738792094113201e-01
5.641494963610493851e-01 6.574422784933006136e-01 9.349317700318887647e-01
5.667080604838989899e-01 6.615188275507334348e-01 9.328205941450241623e-01
5.692851378850531940e-01 6.655690512688121618e-01 9.307419312780975673e-01
5.718823815294687973e-01 6.695926427021858807e-01 9.286972342611172770e-01
5.745013358743403797e-01 6.735893434984718819e-01 9.266878371953124471e-01
5.771434433117831331e-01 6.775589391578343834e-01 9.247149631782691781e-01
5.798100502519474286e-01 6.815012546666554538e-01 9.227797315979440196e-01
5.825024128626705711e-01 6.854161504810183381e-01 9.208831650110740341e-01
5.852217024818887614e-01 6.893035188364019517e-01 9.190261956223533257e-01
5.879690107190467252e-01 6.931632803608781535e-01 9.172096713813251423e-01
5.907453542613744224e-01 6.969953809701245895e-01 9.154343617141916800e-01
5.935516794006340247e-01 7.007997890235926342e-01 9.137009629078065576e-01
5.963888662955013631e-01 7.045764927223147067e-01 9.120101031630202248e-01
5.992577329841205502e-01 7.083254977299584532e-01 9.103623473342511430e-01
6.021590391609544790e-01 7.120468249998421761e-01 9.087582013718106255e-01
6.050934897313204885e-01 7.157405087917542152e-01 9.071981164830590361e-01
6.080617381564755730e-01 7.194065948634843499e-01 9.056824930279254726e-01
6.110643896014594789e-01 7.230451388230161314e-01 9.042116841637906077e-01
6.141020038972864192e-01 7.266562046283104870e-01 9.027859992541165113e-01
6.171750983284703951e-01 7.302398632225836073e-01 9.014057070545913319e-01
6.202841502562809195e-01 7.337961912938486542e-01 9.000710386899511972e-01
6.234295995875119845e-01 7.373252701483528071e-01 8.987821904339888812e-01
6.266118510980358547e-01 7.408271846883306422e-01 8.975393263046556047e-01
6.298312766198440604e-01 7.443020224852262556e-01 8.963425804855582602e-01
6.330882170997376157e-01 7.477498729402597410e-01 8.951920595845156425e-01
6.363829845374358030e-01 7.511708265248131511e-01 8.940878447393190154e-01
6.397158638102498074e-01 7.545649740937651062e-01 8.930299935802206157e-01
6.430871143911857102e-01 7.579324062654151373e-01 8.920185420581790980e-01
6.464969719668129944e-01 7.612732128621829686e-01 8.910535061473348062e-01
6.499456499608967652e-01 7.645874824067272479e-01 8.901348834297209134e-01
6.534333409693648953e-01 7.678753016685956334e-01 8.892626545697330798e-01
6.569602181119134077e-01 7.711367552568852979e-01 8.884367846854083206e-01
6.605264363051194243e-01 7.743719252548134646e-01 8.876572246231807517e-01
6.641321334617378280e-01 7.775808908923951268e-01 8.869239121423282413e-01
6.677774316204412308e-01 7.807637282537991386e-01 8.862367730149683931e-01
6.714624380101053003e-01 7.839205100161866779e-01 8.855957220470983549e-01
6.751872460524199759e-01 7.870513052171538293e-01 8.850006640258019086e-01
6.789519363063701851e-01 7.901561790481183012e-01 8.844514945974782938e-01
6.827565773579596931e-01 7.932351926712224444e-01 8.839481010815722906e-01
6.866012266582556256e-01 7.962884030575521077e-01 8.834903632240609372e-01
6.904859313127164056e-01 7.993158628446263014e-01 8.830781538946477216e-01
6.944107288245705556e-01 8.023176202113121436e-01 8.827113397313686161e-01
6.983756477947568042e-01 8.052937187684937603e-01 8.823897817360826235e-01
7.023807085809209427e-01 8.082441974639157367e-01 8.821133358240836886e-01
7.064259239176952088e-01 8.111690904998265506e-01 8.818818533308836471e-01
7.105112995003837195e-01 8.140684272621202533e-01 8.816951814789835140e-01
7.146368345341020945e-01 8.169422322597997832e-01 8.815531638073074161e-01
7.188025222501813749e-01 8.197905250737113070e-01 8.814556405657653082e-01
7.230083503916701071e-01 8.226133203135506111e-01 8.814024490772724985e-01
7.272543016695189877e-01 8.254106275822823413e-01 8.813934240693863664e-01
7.315403541910908691e-01 8.281824514471339826e-01 8.814283979775925371e-01
7.358664818623826820e-01 8.309287914164531497e-01 8.815072012221271125e-01
7.402326547653710342e-01 8.336496419217537257e-01 8.816296624601112075e-01
7.446388395118072046e-01 8.363449923043237977e-01 8.817956088146312599e-01
7.490849995745965106e-01 8.390148268058821301e-01 8.820048660823378572e-01
7.535710955980096104e-01 8.416591245627369489e-01 8.822572589209668470e-01
7.580970856877441433e-01 8.442778596030235949e-01 8.825526110181617367e-01
7.626629256818395763e-01 8.468710008466067141e-01 8.828907452428302882e-01
7.672685694034842019e-01 8.494385121072484113e-01 8.832714837802151386e-01
7.719139688965119817e-01 8.519803520967430543e-01 8.836946482517762380e-01
7.765990746445128323e-01 8.544964744306855486e-01 8.841600598208965156e-01
7.813238357743380602e-01 8.569868276356112924e-01 8.846675392853758924e-01
7.860882002447361350e-01 8.594513551572583454e-01 8.852169071575852755e-01
7.908921150208633177e-01 8.618899953697294336e-01 8.858079837331273021e-01
7.957355262352918679e-01 8.643026815853648293e-01 8.864405891487618927e-01
8.006183793361990597e-01 8.666893420651291535e-01 8.871145434303210342e-01
8.055406192232965612e-01 8.690499000293766541e-01 8.878296665312882530e-01
8.105021903720694976e-01 8.713842736688404145e-01 8.885857783626602835e-01
8.155030369468667661e-01 8.736923761557230383e-01 8.893826988146802393e-01
8.205431029033090073e-01 8.759741156547932173e-01 8.902202477709726391e-01
8.256223320805130550e-01 8.782293953343750514e-01 8.910982451155986528e-01
8.307406682835760670e-01 8.804581133771582913e-01 8.920165107334944166e-01
8.358980553566792704e-01 8.826601629907683266e-01 8.929748645047184130e-01
8.410944372473022623e-01 8.848354324180071062e-01 8.939731262929321298e-01
8.463297580618066585e-01 8.869838049467569929e-01 8.950111159284772633e-01
8.516039621128090875e-01 8.891051589194709504e-01 8.960886531863957449e-01
8.569169939586450679e-01 8.911993677422355153e-01 8.972055577597333187e-01
8.622687984352362944e-01 8.932662998933770249e-01 8.983616492284055566e-01
8.676593206806090253e-01 8.953058189316082105e-01 8.995567470239260732e-01
8.730885061524016333e-01 8.973177835036795225e-01 9.007906703902311962e-01
8.785563006385552764e-01 8.993020473515569435e-01 9.020632383408654364e-01
8.840626502614484794e-01 9.012584593191195204e-01 9.033742696127231575e-01
8.896075014757052202e-01 9.031868633583772787e-01 9.047235826165691552e-01
8.951908010598218501e-01 9.050870985352541531e-01 9.061109953845110088e-01
