2.462631847504784255e-01 3.838740971363346910e-02 1.237464097930472823e-01
2.531265195313813776e-01 4.015591824918622599e-02 1.308511294503029720e-01
2.599129376453369056e-01 4.189280063978860491e-02 1.381334976724555297e-01
2.666232369779513722e-01 4.357793622942681550e-02 1.455925849929634586e-01
2.732581505596771154e-01 4.521896650129617751e-02 1.532273858793068433e-01
2.798183551126491309e-01 4.681636748723706776e-02 1.610368371978531665e-01
2.863044787881308673e-01 4.837043661838454772e-02 1.690198345219303122e-01
2.927171081976998601e-01 4.988129457872099437e-02 1.771752465160998935e-01
2.990567948235187123e-01 5.134888564304011110e-02 1.855019276086767865e-01
3.053240608787478605e-01 5.277297662621836805e-02 1.939987291443902029e-01
3.115194046776738612e-01 5.415315453440504301e-02 2.026645091898366668e-01
3.176433055658549054e-01 5.548882297615528175e-02 2.114981411462024397e-01
3.236962284531078038e-01 5.677919736121556094e-02 2.204985213067982841e-01
3.296786279861401714e-01 5.802329888540878194e-02 2.296645754813451124e-01
3.355909523927126381e-01 5.921994727089235910e-02 2.389952647947246878e-01
3.414336470252848921e-01 6.036775220079239335e-02 2.484895907550748739e-01
3.472071576288477401e-01 6.146510335499969641e-02 2.581465996746284408e-01
3.529119333550387871e-01 6.251015891842744143e-02 2.679653865164892679e-01
3.585484295424753443e-01 6.350083239313317196e-02 2.779450982315676000e-01
3.641171102814784732e-01 6.443477749977302715e-02 2.880849366419964697e-01
3.696184507798905283e-01 6.530937090003738343e-02 2.983841609204806455e-01
3.750529395454804127e-01 6.612169240761360534e-02 3.088420897090498607e-01
3.804210803993944845e-01 6.686850227782242806e-02 3.194581029155097451e-01
3.857233943342311955e-01 6.754621507146102433e-02 3.302316432214049691e-01
3.909604212295786918e-01 6.815086947129653239e-02 3.411622173314584616e-01
3.961327214371647143e-01 6.867809328335235108e-02 3.522493969911061340e-01
4.012408772472064178e-01 6.912306267022245987e-02 3.634928197959002572e-01
4.062854942469830144e-01 6.948045442777121827e-02 3.748921898140672448e-01
4.112672025821766941e-01 6.974438981238399726e-02 3.864472780413693576e-01
4.161866581310544322e-01 6.990836802960824492e-02 3.981579227055885850e-01
4.210445436011211462e-01 6.996518697305555146e-02 4.100240294363207139e-01
4.258415695574489512e-01 6.990684810689633266e-02 4.220455713143901888e-01
4.286716979668253047e-01 7.587279063934161683e-02 4.318658823955655035e-01
4.313123496780878474e-01 8.188596699382522104e-02 4.417555944411963864e-01
4.337698346775263336e-01 8.791779481620536074e-02 4.517262113460300266e-01
4.360386974362017720e-01 9.397617809786847076e-02 4.617745178560236918e-01
4.381132251182426884e-01 1.000679039267792503e-01 4.718970242005922078e-01
4.399874426482744405e-01 1.061988387298989783e-01 4.820899579337332708e-01
4.416551085464707205e-01 1.123740738987298732e-01 4.923492564498797019e-01
4.431097117416805675e-01 1.185980339692843805e-01 5.026705603459499239e-01
4.443444696064908217e-01 1.248745565321462414e-01 5.130492078204775819e-01
4.453523274961571632e-01 1.312069503795250391e-01 5.234802303211369967e-01
4.461259601166903122e-01 1.375980365792123239e-01 5.339583496732857038e-01
4.466577750965644578e-01 1.440501759079007849e-01 5.444779769440143413e-01
4.469399191923196235e-01 1.505652851940782466e-01 5.550332133183643046e-01
4.469642876215172977e-01 1.571448444953962020e-01 5.656178532862514707e-01
4.467225370879244761e-01 1.637898965894012959e-01 5.762253904597592902e-01
4.462061031444903847e-01 1.705010399383020403e-01 5.868490263600257828e-01
4.454062226306577665e-01 1.772784160631216965e-01 5.974816825300337531e-01
4.443139620231407183e-01 1.841216921064726120e-01 6.081160163430927579e-01
4.429202526547419971e-01 1.910300392599033059e-01 6.187444408853296496e-01
4.412159338857321589e-01 1.980021076699112481e-01 6.293591492924042186e-01
4.391918054584227349e-01 2.050359984084424436e-01 6.399521439140334333e-01
4.368386904297648643e-01 2.121292330934700376e-01 6.505152706624491854e-01
4.341475102612937231e-01 2.192787217691171686e-01 6.610402588700380333e-01
4.311093738529749309e-01 2.264807297000651920e-01 6.715187669340979548e-01
4.277156825400421636e-01 2.337308437996234722e-01 6.819424339596136253e-01
4.239582533329375735e-01 2.410239394931059653e-01 6.923029375205196345e-01
4.198294629729187322e-01 2.483541489167109817e-01 7.025920575422328618e-01
4.153224157032610053e-01 2.557148314652005205e-01 7.128017461593598725e-01
4.104311380211796423e-01 2.630985478274815992e-01 7.229242032185870803e-01
4.051508040814075229e-01 2.704970387849662816e-01 7.329519568746355462e-01
3.994779958695386379e-01 2.779012101899254183e-01 7.428779484644282283e-01
3.934110027502188967e-01 2.853011256849903865e-01 7.526956205407979716e-01
3.869501655145056729e-01 2.926860088641328739e-01 7.623990066040861047e-01
3.800982705853914179e-01 3.000442567013323347e-01 7.719828206935482884e-01
3.728610005569889529e-01 3.073634661749427566e-01 7.814425446013015808e-01
3.652474476798976410e-01 3.146304760800672784e-01 7.907745100667192828e-01
3.572706971554847621e-01 3.218314260321717968e-01 7.999759729237181372e-01
3.489484869845518311e-01 3.289518346043397434e-01 8.090451758412388061e-01
3.403039503332752069e-01 3.359766983885851821e-01 8.179813960619671809e-01
3.313664444547723686e-01 3.428906135089040408e-01 8.267849744582800309e-01
3.221724663920179643e-01 3.496779207239817944e-01 8.354573223464167864e-01
3.127666488561001157e-01 3.563228747304755251e-01 8.440009028906472199e-01
3.032028181679218282e-01 3.628098376152977811e-01 8.524191846438453624e-01
2.935450776700581077e-01 3.691234956265145861e-01 8.607165658488684645e-01
2.838688515858921457e-01 3.752490975811400009e-01 8.688982695785166799e-01
2.742617825351358896e-01 3.811727123803030359e-01 8.769702115929117747e-01
2.648243178496927364e-01 3.868815023738592651e-01 8.849388448651801520e-01
2.556697448597977096e-01 3.923640088720291574e-01 8.928109869407930832e-01
2.469233486488676688e-01 3.976104461667734902e-01 9.005936384802147865e-01
2.387202835331798390e-01 4.026130013114404549e-01 9.082938032950861329e-01
2.312017040050755035e-01 4.073661390656475589e-01 9.159183217518001019e-01
2.245138730451307074e-01 4.118659511758258063e-01 9.234735477404235615e-01
2.180431821880599863e-01 4.162470786999315497e-01 9.309902125965874298e-01
2.147833476211849224e-01 4.200620171119563984e-01 9.381232674439796693e-01
2.176919129835788447e-01 4.228970989886035037e-01 9.445712991402034353e-01
2.205561616977902428e-01 4.257524713001785699e-01 9.509259285295758035e-01
2.235754455201161284e-01 4.286257348896216346e-01 9.570507287794629558e-01
2.266992272871745928e-01 4.315356186075400280e-01 9.629074741684696681e-01
2.298610350714350714e-01 4.345036029196341909e-01 9.684596162717127310e-01
2.329886108486324547e-01 4.375526985440318928e-01 9.736697630458829300e-01
2.360068594136676134e-01 4.407065701524341961e-01 9.785007055985039948e-01
2.388404988873112922e-01 4.439886279033983252e-01 9.829164481422130173e-01
2.414162475841171718e-01 4.474211495512528947e-01 9.868831687874133340e-01
2.436644615240959599e-01 4.510244880989131011e-01 9.903700548287344141e-01
2.455202054700629799e-01 4.548164077476554157e-01 9.933499749979436411e-01
2.469237902788238848e-01 4.588115763416068527e-01 9.957999699207757960e-01
2.478208388597424039e-01 4.630212275841476544e-01 9.977015585522822638e-01
2.481619543636191527e-01 4.674529926209501918e-01 9.990408713859941781e-01
2.479020613553968577e-01 4.721108892511649557e-01 9.998086302801707514e-01
2.469994777219714222e-01 4.769954486483179434e-01 1.000000000000000000e+00
2.454147550540867195e-01 4.821039541993479283e-01 9.996143386144937804e-01
2.431092998417035134e-01 4.874307647048211622e-01 9.986548734659503879e-01
2.400437568140500189e-01 4.929676942868111422e-01 9.971283273184187168e-01
2.361760966305871678e-01 4.987044233535409821e-01 9.950445161733384447e-01
2.314592971613885775e-01 5.046289182659835504e-01 9.924159366641933655e-01
2.258384297980353950e-01 5.107278413713320919e-01 9.892573573100890139e-01
2.192468389354799152e-01 5.169869373262362400e-01 9.855854244893086369e-01
2.116008939058724170e-01 5.233913857528421643e-01 9.814182909467189520e-01
2.027924166678397033e-01 5.299261139919518859e-01 9.767752720479214723e-01
1.926771687595043026e-01 5.365760668857292304e-01 9.716765328543472968e-01
1.810563050523396611e-01 5.433264330719905777e-01 9.661428073948665762e-01
1.676444161655408771e-01 5.501628292058396985e-01 9.601951502070436018e-01
1.520096696422901794e-01 5.570714448911071592e-01 9.538547192606695591e-01
1.334485926866413874e-01 5.640391519799060616e-01 9.471425887008942945e-01
1.106791155390312725e-01 5.710535823716718085e-01 9.400795894041407141e-01
8.086745194037193996e-02 5.781031786021743057e-01 9.326861750779126270e-01
3.449494213744320331e-02 5.851772214402380934e-01 9.249823115133802842e-01
0.000000000000000000e+00 5.922658384767628403e-01 9.169873865813875646e-01
0.000000000000000000e+00 5.993599973558949578e-01 9.087201386192533814e-01
0.000000000000000000e+00 6.064514869081444326e-01 9.001986009640445818e-01
0.000000000000000000e+00 6.135328890347718778e-01 8.914400605295322855e-01
0.000000000000000000e+00 6.205975437866759759e-01 8.824610284849631059e-01
0.000000000000000000e+00 6.276395096960413200e-01 8.732772212633759246e-01
0.000000000000000000e+00 6.346535210654260517e-01 8.639035502979792724e-01
0.000000000000000000e+00 6.416349436022475983e-01 8.543541190515454575e-01
0.000000000000000000e+00 6.485797295086227487e-01 8.446422260621847533e-01
0.000000000000000000e+00 6.553863727490827351e-01 8.336002196837197786e-01
0.000000000000000000e+00 6.619878789465731828e-01 8.215085163814663805e-01
0.000000000000000000e+00 6.684634022807109943e-01 8.096439104582567881e-01
0.000000000000000000e+00 6.748119401288228403e-01 7.980061345245019755e-01
0.000000000000000000e+00 6.810352844524354410e-01 7.865963502651177608e-01
0.000000000000000000e+00 6.871379499980286853e-01 7.754173088027306315e-01
0.000000000000000000e+00 6.931244220017054314e-01 7.644706489693789964e-01
0.000000000000000000e+00 6.989991439021413511e-01 7.537570860569089426e-01
0.000000000000000000e+00 7.047664824109484139e-01 7.432765481019083520e-01
0.000000000000000000e+00 7.104307008750679886e-01 7.330282962383941614e-01
0.000000000000000000e+00 7.159959394312435110e-01 7.230110307415297255e-01
0.000000000000000000e+00 7.204748648214736040e-01 7.120711390502282301e-01
0.000000000000000000e+00 7.245255762364367635e-01 7.008709737783108684e-01
0.000000000000000000e+00 7.285233622440406842e-01 6.898273981297083912e-01
0.000000000000000000e+00 7.324701508567763586e-01 6.789389859578562891e-01
0.000000000000000000e+00 7.363677436607952709e-01 6.682044604241258456e-01
0.000000000000000000e+00 7.402178249757641604e-01 6.576226874967147085e-01
0.000000000000000000e+00 7.440219702585164629e-01 6.471926698869686634e-01
0.000000000000000000e+00 7.477816538232017196e-01 6.369135414015344443e-01
0.000000000000000000e+00 7.514982559426991449e-01 6.267845616900038497e-01
0.000000000000000000e+00 7.551730693891169910e-01 6.168051113687811338e-01
0.000000000000000000e+00 7.588073054650541494e-01 6.069746875026843513e-01
0.000000000000000000e+00 7.624020995719313909e-01 5.972928994263521085e-01
0.000000000000000000e+00 7.659585163568963795e-01 5.877594648878587957e-01
0.000000000000000000e+00 7.694775544756122798e-01 5.783742064970616159e-01
0.000000000000000000e+00 7.729601510044582513e-01 5.691370484611077973e-01
0.000000000000000000e+00 7.764071855323710913e-01 5.600480135892438316e-01
0.000000000000000000e+00 7.798194839595307126e-01 5.511072205485708642e-01
0.000000000000000000e+00 7.831978220274757874e-01 5.423148813517284506e-01
0.000000000000000000e+00 7.865429286028196021e-01 5.336712990566340187e-01
0.000000000000000000e+00 7.898554887346073139e-01 5.251768656573615468e-01
0.000000000000000000e+00 7.931361465034363345e-01 5.168320601440978823e-01
0.000000000000000000e+00 7.963855076786988674e-01 5.086374467087544371e-01
0.000000000000000000e+00 7.996041421987715170e-01 5.005936730713899108e-01
0.000000000000000000e+00 8.027925864875282702e-01 4.927014689010273951e-01
0.000000000000000000e+00 8.059513456192864966e-01 4.849616443028240131e-01
0.000000000000000000e+00 8.090808953431308792e-01 4.773750883418773627e-01
0.000000000000000000e+00 8.121816839764944840e-01 4.699427675722480102e-01
0.000000000000000000e+00 8.152541341769379279e-01 4.626657245381436967e-01
0.000000000000000000e+00 8.182986446001808689e-01 4.555450762126115327e-01
0.000000000000000000e+00 8.213155914516832024e-01 4.485820123376703106e-01
0.000000000000000000e+00 8.243053299383282795e-01 4.417777936285661733e-01
0.000000000000000000e+00 8.272681956261781488e-01 4.351337498038950202e-01
0.000000000000000000e+00 8.302045057096349989e-01 4.286512774027079198e-01
0.000000000000000000e+00 8.331145601968870107e-01 4.223318373495622002e-01
0.000000000000000000e+00 8.359986430160358806e-01 4.161769522288344403e-01
3.061666948277689052e-02 8.388570230459055921e-01 4.101882032305855796e-01
7.049365419339566341e-02 8.416899550751836268e-01 4.043672267319520786e-01
9.844095868803086347e-02 8.444976806932481539e-01 3.987157104805751362e-01
1.210235507418154638e-01 8.472804291157621792e-01 3.932353893499176412e-01
1.404853836177232251e-01 8.500384179479020252e-01 3.879280406407731308e-01
1.578648807854116654e-01 8.527718538879016652e-01 3.827954789086336351e-01
1.737402658671733380e-01 8.554809333734388899e-01 3.778395503031664049e-01
1.884712013643476958e-01 8.581658431732707148e-01 3.730621264136503301e-01
2.022986961562716346e-01 8.608267609264397269e-01 3.684650976230083863e-01
2.153931671625601840e-01 8.634638556312862478e-01 3.640503659828966398e-01
2.278801209287719953e-01 8.660772880864502365e-01 3.598198376330864479e-01
2.398549856105485767e-01 8.686672112860367445e-01 3.557754148000445982e-01
2.513922073106184540e-01 8.712337707710602341e-01 3.519189874218770497e-01
2.625511027526236107e-01 8.737771049393043832e-01 3.482524244594554785e-01
2.733797755292748932e-01 8.762973453157030246e-01 3.447775649663519237e-01
2.839178237187134912e-01 8.787946167853670776e-01 3.414962090026352759e-01
2.941982644727275109e-01 8.812690377913806605e-01 3.384101084894557410e-01
3.042489349665158938e-01 8.837207204994771415e-01 3.355209581119922846e-01
3.150981598637831449e-01 8.860083520550628977e-01 3.337454184206206653e-01
3.347968850648725403e-01 8.869309330575840811e-01 3.405526568947617738e-01
3.537811945122968926e-01 8.877899474988515394e-01 3.472894886813677751e-01
3.721364900912939033e-01 8.885886035458636645e-01 3.539602663181237729e-01
3.899291175246936136e-01 8.893301399831177179e-01 3.605691623698903392e-01
4.072116231904420736e-01 8.900178144622240550e-01 3.671201878188788958e-01
4.240263266912841500e-01 8.906548927368305169e-01 3.736172075109221447e-01
4.404078184996743639e-01 8.912446388343903125e-01 3.800639531568207330e-01
4.563847485982295837e-01 8.917903061180353363e-01 3.864640343007437751e-01
4.719811340933943167e-01 8.922951291928995499e-01 3.928209475970683706e-01
4.872173324057318400e-01 8.927623166120476350e-01 3.991380846792407788e-01
5.021107769448223124e-01 8.931950443378229298e-01 4.054187388567535577e-01
5.166765408966125239e-01 8.935964499149992024e-01 4.116661108371694189e-01
5.309277745300656770e-01 8.939696273127647475e-01 4.178833136375594837e-01
5.448760480456020794e-01 8.943176223932763902e-01 4.240733768227337719e-01
5.585316229392232046e-01 8.946434289653052430e-01 4.302392501850083040e-01
5.719036686207620290e-01 8.949499853824874895e-01 4.363838069613802939e-01
5.850004366539557354e-01 8.952401716467075499e-01 4.425098466681146037e-01
5.978294018729417569e-01 8.955168069783935314e-01 4.486200976194262280e-01
6.103973773815938308e-01 8.957826478167471018e-01 4.547172191857427603e-01
6.227106087960352365e-01 8.960403862144142861e-01 4.608038038375770196e-01
6.347748518717942767e-01 8.962926485925223341e-01 4.668823790131133578e-01
6.465954367435542416e-01 8.965419948236166281e-01 4.729554088409034796e-01
6.581773213143099488e-01 8.967909176116333203e-01 4.790252957434480985e-01
6.695251358026741428e-01 8.970418421396515463e-01 4.850943819426868364e-01
6.806432200497000151e-01 8.972971259578740311e-01 4.911649508844558865e-01
6.915356548702839001e-01 8.975590590859041651e-01 4.972392285956407920e-01
7.022062884861745014e-01 8.978298643050567351e-01 5.033193849849381118e-01
7.126587588821542418e-01 8.981116976180369971e-01 5.094075350958504611e-01
7.228965127715334393e-01 8.984066488549439233e-01 5.155057403185763221e-01
7.329228217331192896e-01 8.987167424060479304e-01 5.216160095658821660e-01
7.427407959819327665e-01 8.990439380633352684e-01 5.277403004166949518e-01
7.523533961554927929e-01 8.993901319541993677e-01 5.338805202301112329e-01
7.617634434318943937e-01 8.997571575520684206e-01 5.400385272316109431e-01
7.709736282426473686e-01 9.001467867500300146e-01 5.462161315725697630e-01
7.799865177993490217e-01 9.005607309847879494e-01 5.524150963635933165e-01
7.888045626174097213e-01 9.010006423994253444e-01 5.586371386817606810e-01
7.974301021902286957e-01 9.014681150345632554e-01 5.648839305514817832e-01
8.058653699426268080e-01 9.019646860385461817e-01 5.711570998984694114e-01
8.141124975719721268e-01 9.024918368882136610e-01 5.774582314760643431e-01
8.221735188682196549e-01 9.030509946127599497e-01 5.837888677630611589e-01
8.300503730900731236e-01 9.036435330139529487e-01 5.901505098320560805e-01
8.377449079622623085e-01 9.042707738768344106e-01 5.965446181873074183e-01
8.452588823492583892e-01 9.049339881656301987e-01 6.029726135710475887e-01
8.525939686520552785e-01 9.056343972003301213e-01 6.094358777371977620e-01
8.597517549676998438e-01 9.063731738099508606e-01 6.159357541914495249e-01
8.667337470453273518e-01 9.071514434590213227e-01 6.224735488966893771e-01
8.735413700672642889e-01 9.079702853443705202e-01 6.290505309428185976e-01
8.801759702796887463e-01 9.088307334596843479e-01 6.356679331800220156e-01
8.866388164936290783e-01 9.097337776257228281e-01 6.423269528146231533e-01
8.929311014740605179e-01 9.106803644844644330e-01 6.490287519667172766e-01
8.990539432323617630e-01 9.116713984557210937e-01 6.557744581888039770e-01
9.050083862351231412e-01 9.127077426550933570e-01 6.625651649447391600e-01
9.107954025405904375e-01 9.137902197723480890e-01 6.694019320483419744e-01
9.163229695913638340e-01 9.148180761057120858e-01 6.781041306234754096e-01
9.215890156145973844e-01 9.157769670515403249e-01 6.888239247696159584e-01
9.267045113448040272e-01 9.167856600540820189e-01 6.994187775846932853e-01
9.316689747387174592e-01 9.178458636393337366e-01 7.098881410773035805e-01
9.364819517153482042e-01 9.189592323628256176e-01 7.202313992272858512e-01
9.411430164573305612e-01 9.201273641430470773e-01 7.304478792188879854e-01
9.456517714734562485e-01 9.213517977938677772e-01 7.405368611816987023e-01
9.500078474427033903e-01 9.226340107598500762e-01 7.504975866153190678e-01
9.542109028595179288e-01 9.239754170569983716e-01 7.603292656522911974e-01
9.582606234995459937e-01 9.253773654202327448e-01 7.700310832956620555e-01
