1.076533765266038251e-01 2.022117931005406322e-01 3.341497096538569300e-01
1.118281563074412233e-01 2.100316795057895480e-01 3.478393167811131836e-01
1.159018395337512164e-01 2.177690275714541934e-01 3.614448157497642256e-01
1.198799981978593970e-01 2.254278855005119320e-01 3.749704105284550337e-01
1.237676438750548308e-01 2.330119564891393880e-01 3.884199506968512017e-01
1.275693043597978527e-01 2.405246400039820487e-01 4.017969727429333560e-01
1.312890872693600330e-01 2.479690667703291773e-01 4.151047352771639609e-01
1.349307332362823519e-01 2.553481286239698833e-01 4.283462492384851883e-01
1.384976607062582132e-01 2.626645041347682730e-01 4.415243039469465836e-01
1.419930039099815966e-01 2.699206807238078709e-01 4.546414896885795365e-01
1.454196452411125606e-01 2.771189738528913038e-01 4.677002173868607393e-01
1.487802430171978330e-01 2.842615437541477497e-01 4.807027358122457072e-01
1.520772554044710900e-01 2.913504100805842656e-01 4.936511467000521680e-01
1.553129611357254858e-01 2.983874647897773458e-01 5.065474180822826522e-01
1.584894775318149429e-01 3.053744835183061501e-01 5.193933960871175426e-01
1.616087762439134823e-01 3.123131356607491971e-01 5.321908154179280093e-01
1.646726970594145356e-01 3.192049933317370747e-01 5.449413086896025549e-01
1.676829600549651356e-01 3.260515393608726664e-01 5.576464147721584830e-01
1.706419987676690286e-01 3.328540482364165110e-01 5.703074749997766313e-01
1.735593353580742459e-01 3.396126255186389664e-01 5.829247873067102681e-01
1.764325482923151112e-01 3.463291333358914370e-01 5.955001862222411013e-01
1.792626878784155942e-01 3.530048187549355010e-01 6.080349529316972923e-01
1.820507522171130321e-01 3.596408638435105165e-01 6.205303010507752237e-01
1.847976908310624555e-01 3.662383904548016655e-01 6.329873815956641447e-01
1.875044079631466021e-01 3.727984645624071169e-01 6.454072874882290645e-01
1.901717655809528063e-01 3.793221001967373440e-01 6.577910576486293293e-01
1.928005861196717130e-01 3.858102630270444089e-01 6.701396807208819251e-01
1.953916549913291556e-01 3.922638736276100047e-01 6.824540984710527614e-01
1.979457228849016426e-01 3.986838104617084766e-01 6.947352088927656322e-01
2.004635078786423941e-01 4.050709126128298476e-01 7.069838690504434142e-01
2.029456973834742883e-01 4.114259822890364293e-01 7.192008976870122305e-01
2.053929499340544085e-01 4.177497871232426774e-01 7.313870776196365053e-01
2.078058968420720687e-01 4.240430622895555723e-01 7.435431579442945971e-01
2.101851437248595800e-01 4.303065124534692365e-01 7.556698560676280430e-01
2.125312719207740342e-01 4.365408135717173121e-01 7.677678595824307672e-01
2.148448398016509497e-01 4.427466145558276445e-01 7.798378280013232855e-01
2.171263839914601979e-01 4.489245388118883739e-01 7.918803943615907448e-01
2.193764204993903788e-01 4.550751856676932272e-01 8.038961667127728639e-01
2.215954457746790729e-01 4.611991316972626209e-01 8.158857294973663743e-01
2.237839376897921007e-01 4.672969319516940834e-01 8.278496448339535130e-01
2.259423564579053634e-01 4.733691211043799529e-01 8.397884537111030001e-01
2.280711454900205826e-01 4.794162145178306189e-01 8.517026770995617113e-01
2.301707321965531794e-01 4.854387092386237557e-01 8.635928169895139561e-01
2.322415287377940785e-01 4.914370849263543506e-01 8.754593573590335742e-01
2.342839327271586669e-01 4.974118047219205918e-01 8.873027650792610910e-01
2.362983278909097651e-01 5.033633160599442213e-01 8.991234907613185889e-01
2.382850846875216588e-01 5.092920514297178958e-01 9.109219695495145430e-01
2.402445608897594009e-01 5.151984290886280071e-01 9.226986218649749771e-01
2.421771021321430239e-01 5.210828537316757325e-01 9.344538541034536072e-01
2.440830424263233656e-01 5.269457171203764112e-01 9.461880592907562226e-01
2.459627046465661382e-01 5.327873986740496726e-01 9.579016176989036957e-01
2.478164009875276907e-01 5.386082660262253574e-01 9.695948974258870035e-01
2.496444333961346518e-01 5.444086755486812201e-01 9.812682549416340549e-01
2.552376497790872500e-01 5.510225174892802169e-01 9.859210178264926627e-01
2.626265928849144116e-01 5.579156028618311725e-01 9.875584307956265517e-01
2.702578442768659439e-01 5.647334940017229021e-01 9.890851199793330162e-01
2.781138461000348672e-01 5.714775531811194798e-01 9.905025215246581194e-01
2.861771796277856605e-01 5.781491978702937296e-01 9.918122492247092303e-01
2.944308371760588350e-01 5.847498836668019173e-01 9.930160703160416658e-01
3.028584185086286018e-01 5.912810905213371493e-01 9.941158838542930587e-01
3.114442660549404107e-01 5.977443115609258895e-01 9.951137012509975177e-01
3.201735513567620095e-01 6.041410439878427407e-01 9.960116286666610419e-01
3.290323233310717410e-01 6.104727816573233268e-01 9.968118510310838287e-01
3.380075272223238558e-01 6.167410090265817990e-01 9.975166175139905667e-01
3.470870015550798771e-01 6.229471962331324386e-01 9.981282283053019011e-01
3.562594590132129868e-01 6.290927951093362447e-01 9.986490225899533613e-01
3.655144559747503519e-01 6.351792359771838425e-01 9.990813676203533777e-01
3.748423544182191702e-01 6.412079250959742405e-01 9.994276488027907801e-01
3.842342790750713499e-01 6.471802426579715828e-01 9.996902607237388994e-01
3.936820720157346298e-01 6.530975412448862816e-01 9.998715990492954564e-01
4.031782463037815178e-01 6.589611446723290245e-01 9.999740532365316570e-01
4.127159399136264284e-01 6.647723471609913171e-01 1.000000000000000000e+00
4.222888707630088057e-01 6.705324127827678726e-01 9.999517974802173415e-01
4.318912934447208252e-01 6.762425751379849137e-01 9.998317800640930120e-01
4.415179580381670688e-01 6.819040372263976968e-01 9.996422538099608568e-01
4.511640712274968545e-01 6.875179714801380459e-01 9.993854924323598565e-01
4.608252598383332233e-01 6.930855199314810422e-01 9.990637338040656568e-01
4.704975368216380294e-01 6.986077944921924576e-01 9.986791769350464865e-01
4.801772696533373463e-01 7.040858773246141400e-01 9.982339793901683356e-01
4.898611510767366117e-01 7.095208212875045994e-01 9.977302551095575955e-01
4.995461720871199884e-01 7.149136504421061966e-01 9.971700725975287671e-01
5.092295970405594785e-01 7.202653606060429592e-01 9.965554534479935667e-01
5.189089407594321690e-01 7.255769199444515039e-01 9.958883711761625790e-01
5.285819475031668935e-01 7.308492695893237245e-01 9.951707503282691825e-01
5.382465716728542793e-01 7.360833242793938247e-01 9.944044658428352612e-01
5.479009601212512237e-01 7.412799730140577914e-01 9.935913426387973368e-01
5.575434359446287402e-01 7.464400797158233791e-01 9.927331554074965148e-01
5.671724836388902791e-01 7.515644838966567542e-01 9.918316285871859872e-01
5.767867355092438642e-01 7.566540013243342466e-01 9.908884365002664785e-01
5.863849592298878699e-01 7.617094246855530271e-01 9.899052036349831329e-01
5.959660464572855698e-01 7.667315242431149702e-01 9.888835050547027938e-01
6.055290024079130751e-01 7.717210484849578167e-01 9.878248669192770670e-01
6.150729363180681419e-01 7.766787247632472857e-01 9.867307671042427897e-01
6.245970527101255554e-01 7.816052599220527641e-01 9.856026359048335461e-01
6.341006433956269950e-01 7.865013409124753663e-01 9.844418568128798785e-01
6.435830801516305710e-01 7.913676353943150943e-01 9.832497673557540896e-01
6.530438080120034572e-01 7.962047923236112990e-01 9.820276599874842027e-01
6.624823391204686107e-01 8.010134425255546198e-01 9.807767830230864625e-01
6.718982470968042353e-01 8.057941992524446650e-01 9.794983416080188521e-01
6.812911618718652251e-01 8.105476587264918154e-01 9.781934987154520256e-01
6.906607649510275726e-01 8.152744006673608990e-01 9.768633761647785851e-01
7.000067850691589211e-01 8.199749888044876034e-01 9.755090556554638637e-01
7.093289942035865270e-01 8.246499713742192483e-01 9.741315798109636548e-01
7.186272039144233625e-01 8.292998816019542252e-01 9.727319532280063186e-01
7.279012619843746590e-01 8.339252381694596261e-01 9.713111435270602723e-01
7.371510493326107749e-01 8.385265456676195273e-01 9.698700824002943754e-01
7.463764771795277086e-01 8.431042950348897058e-01 9.684096666537659326e-01
7.555774844412679325e-01 8.476589639817626587e-01 9.669307592410008034e-01
7.647540353347783704e-01 8.521910174015573380e-01 9.654341902854565172e-01
7.739061171757647406e-01 8.567009077678892082e-01 9.639207580897258820e-01
7.830337383535777018e-01 8.611890755191616842e-01 9.623912301296225769e-01
7.921369264683554290e-01 8.656559494304340019e-01 9.608463440315658799e-01
8.012157266170546466e-01 8.701019469730404410e-01 9.592868085319373739e-01
8.102701998161946362e-01 8.745274746623066253e-01 9.577133044172856380e-01
8.193004215501351606e-01 8.789329283937360460e-01 9.561264854444805339e-01
8.283064804346653709e-01 8.833186937680316264e-01 9.545269792400775666e-01
8.372884769866308918e-01 8.876851464052906149e-01 9.529153881783197777e-01
8.462465224909742068e-01 8.920326522487493914e-01 9.512922902373599499e-01
8.551807379575051549e-01 8.963615678583771729e-01 9.496582398333931474e-01
8.640912531600614122e-01 9.006722406947241799e-01 9.480137686325253998e-01
8.729782057516788374e-01 9.049650093932776196e-01 9.463593863402777195e-01
8.818417404496428080e-01 9.092402040297017374e-01 9.446955814687568731e-01
8.906820082849378206e-01 9.134981463762477105e-01 9.430228220815449758e-01
8.994991659110465054e-01 9.177391501496502402e-01 9.413415565164787724e-01
9.082933749674541035e-01 9.219635212507838462e-01 9.396522140865272155e-01
9.170648014935453007e-01 9.261715579964057143e-01 9.379552057590215819e-01
9.258136153890688114e-01 9.303635513432025883e-01 9.362509248135446605e-01
9.345399899174476888e-01 9.345397851044751070e-01 9.345397474788331715e-01
9.345399911199194776e-01 9.345397848327448020e-01 9.345397455580931600e-01
9.338639403626780577e-01 9.285435386929478119e-01 9.233894291550521771e-01
9.331699370539257021e-01 9.225288840066951934e-01 9.122200605187102962e-01
9.324576914154476537e-01 9.164955915296116862e-01 9.010314750349798230e-01
9.317269043974151232e-01 9.104434282503572895e-01 8.898235086896031376e-01
9.309772673815547295e-01 9.043721573308506345e-01 8.785959982246177580e-01
9.302084618745635192e-01 8.982815380462623178e-01 8.673487813018107007e-01
9.294201591915504101e-01 8.921713257248211626e-01 8.560816966729682953e-01
9.286120201291273579e-01 8.860412716875155636e-01 8.447945843566663227e-01
9.277836946279380825e-01 8.798911231877312167e-01 8.334872858211858082e-01
9.269348214242576489e-01 8.737206233509127173e-01 8.221596441730300020e-01
9.260650276904237588e-01 8.675295111142955484e-01 8.108115043503379971e-01
9.251739286637236104e-01 8.613175211668167019e-01 7.994427133202908209e-01
9.242611272634767561e-01 8.550843838892591142e-01 7.880531202793803480e-01
9.233262136959978772e-01 8.488298252947168443e-01 7.766425768551131759e-01
9.223687650471112942e-01 8.425535669694792507e-01 7.652109373074228449e-01
9.213883448618941374e-01 8.362553260144172107e-01 7.537580587276397903e-01
9.203845027113838340e-01 8.299348149869627544e-01 7.422838012324345369e-01
9.193567737458840927e-01 8.235917418437851412e-01 7.307880281495849895e-01
9.183046782345972714e-01 8.172258098842583030e-01 7.192706061917988336e-01
9.172277210912752610e-01 8.108367176948149124e-01 7.077314056140268095e-01
9.161253913855775810e-01 8.044241590942982079e-01 6.961703003488367569e-01
9.149971618398700102e-01 7.979878230803961747e-01 6.845871681133191000e-01
9.138424883111891939e-01 7.915273937772572266e-01 6.729818904797502110e-01
9.126608092580797971e-01 7.850425503843957431e-01 6.613543529007218646e-01
9.114515451920928157e-01 7.785329671269451968e-01 6.497044446776598647e-01
9.102140981137033515e-01 7.719983132073601206e-01 6.380320588595358444e-01
9.089478509324604438e-01 7.654382527586072182e-01 6.263370920560104027e-01
9.076521668711727830e-01 7.588524447989237753e-01 6.146194441462494717e-01
9.063263888540165070e-01 7.522405431881382665e-01 6.028790178609788608e-01
9.049698388784532810e-01 7.456021965855904599e-01 5.911157182110199360e-01
9.035818173709290191e-01 7.389370484095909575e-01 5.793294517302797209e-01
9.021616025263491379e-01 7.322447367983798694e-01 5.675201254948587515e-01
9.007084496313936262e-01 7.255248945724657172e-01 5.556876458722770362e-01
8.992215903718860925e-01 7.187771491981576055e-01 5.438319169455735347e-01
8.977002321243986449e-01 7.120011227520857133e-01 5.319528385457170661e-01
8.961435572324919496e-01 7.051964318863801484e-01 5.200503038120311006e-01
8.945507222681057247e-01 6.983626877940782851e-01 5.081241961834424004e-01
8.929208572787029619e-01 6.914994961742694235e-01 4.961743857026505999e-01
8.912530650210300776e-01 6.846064571962889866e-01 4.842007244896814333e-01
8.895464201825545869e-01 6.776831654621566781e-01 4.722030412095880036e-01
8.877999685918561701e-01 6.707292099662528484e-01 4.601811343194703863e-01
8.860127264196204777e-01 6.637441740510144905e-01 4.481347638305545611e-01
8.841836793722059884e-01 6.567276353571719349e-01 4.360636412587252653e-01
8.823117818801886614e-01 6.496791657667702058e-01 4.239674173581655658e-01
8.803959562848374665e-01 6.425983313368603955e-01 4.118456671323793006e-01
8.784350920260654005e-01 6.354846922213607252e-01 3.996978714883623884e-01
8.764280448361485565e-01 6.283378025781412024e-01 3.875233947337932139e-01
8.743736359443780026e-01 6.211572104578687581e-01 3.753214569015320690e-01
8.722706512988969152e-01 6.139424576705349024e-01 3.630910996031286864e-01
8.701178408131811093e-01 6.066930796249714319e-01 3.508311437394955878e-01
8.679139176461662109e-01 5.994086051358534784e-01 3.385401368983121384e-01
8.656575575268126155e-01 5.920885561918843853e-01 3.262162875954224828e-01
8.633473981360042515e-01 5.847324476779089952e-01 3.138573826005601752e-01
8.609820385612196869e-01 5.773397870426858480e-01 3.014606823218626830e-01
8.585600388424072804e-01 5.699100739029373530e-01 2.890227874521007490e-01
8.560799196309968329e-01 5.624427995731118290e-01 2.765394675634723631e-01
8.535401619880724766e-01 5.549374465090664010e-01 2.640054387051414264e-01
8.509392073525149369e-01 5.473934876526067583e-01 2.514140717169470185e-01
8.482754577153553965e-01 5.398103856625796615e-01 2.387570049605654554e-01
8.455472760427846790e-01 5.321875920170747731e-01 2.260236228750271414e-01
8.427529869971719378e-01 5.245245459702377877e-01 2.132003424130199942e-01
8.398908780129409335e-01 5.168206733465083857e-01 2.002696180691063976e-01
8.369592007921877741e-01 5.090753851546490072e-01 1.872085237409420455e-01
8.339561732930121929e-01 5.012880760040798744e-01 1.739866784457998472e-01
8.308799822913629507e-01 4.934581223067606159e-01 1.605631171801871482e-01
8.277287866039355624e-01 4.855848802493830663e-01 1.468813909719011990e-01
8.245007210644675899e-01 4.776676835229770601e-01 1.328615336403946301e-01
8.211939013472596693e-01 4.697058408003869645e-01 1.183861095794527252e-01
8.178064297286057327e-01 4.616986329562322577e-01 1.032741033656549984e-01
8.143364018671821469e-01 4.536453100290470664e-01 8.722688682094185963e-02
8.107819146668934218e-01 4.455450879310204337e-01 6.969910409679760943e-02
8.071410752589081028e-01 4.373971449172035508e-01 4.951043499094202188e-02
8.034120111036393563e-01 4.292006178335254774e-01 2.884803960476199636e-02
7.995928811701686900e-01 4.209545981729000408e-01 1.063583377453326990e-02
7.942228795067431957e-01 4.138730345251996345e-01 0.000000000000000000e+00
7.853025704202631907e-01 4.096782414830685282e-01 2.718036724927468811e-03
7.763573528533365131e-01 4.054662087394628189e-01 5.359756455905310274e-03
7.673868016351143018e-01 4.012366120417574233e-01 7.925266303042268617e-03
7.583904783914982017e-01 3.969891166254799764e-01 1.041467875245064185e-02
7.493679309464391647e-01 3.927233767158739286e-01 1.282811187943257332e-02
7.403186926873636109e-01 3.884390349981253210e-01 1.516568957087332734e-02
7.312422818920210066e-01 3.841357220537956474e-01 1.742754175720778384e-02
7.221382010138429619e-01 3.798130557607423130e-01 1.961380465440881737e-02
7.130059359226018634e-01 3.754706406535839314e-01 2.172462101637879020e-02
7.038449550968989277e-01 3.711080672414379111e-01 2.376014039820173104e-02
6.946547087646216534e-01 3.667249112793862231e-01 2.572051943065501237e-02
6.854346279872295389e-01 3.623207329897039641e-01 2.760592210644689445e-02
6.761841236832332180e-01 3.578950762285353915e-01 2.941652007857730247e-02
6.669025855858489171e-01 3.534474675932128274e-01 3.115249297127603567e-02
6.575893811292611302e-01 3.489774154649287197e-01 3.281402870391494225e-02
6.482438542573820683e-01 3.444844089808817289e-01 3.440132382828985785e-02
6.388653241483529532e-01 3.399679169293988723e-01 3.591458387965220517e-02
6.294530838473354484e-01 3.354273865607744209e-01 3.735402374180326474e-02
6.200063987993280623e-01 3.308622423057845929e-01 3.871986802653876875e-02
6.105245052728605071e-01 3.262718843928623103e-01 4.001235146766791984e-02
6.010066086643909289e-01 3.216556873539002104e-01 4.123171932971379100e-02
5.914518816720915062e-01 3.170129984074157026e-01 4.237822783133806531e-02
5.818594623264138344e-01 3.123431357064431757e-01 4.345214458337692820e-02
5.722284518633603545e-01 3.076453864369462776e-01 4.445374904120442255e-02
5.625579124246697926e-01 3.029190047507535621e-01 4.538333297095105412e-02
5.528468645672730553e-01 2.981632095149141515e-01 4.624120092884079908e-02
5.430942845621473669e-01 2.933771818570069523e-01 4.702767075262025837e-02
5.332991014601882185e-01 2.885600624831692884e-01 4.774307406364375339e-02
5.234601938998717507e-01 2.837109487423865595e-01 4.838775677776668144e-02
5.135763866281127799e-01 2.788288914068899338e-01 4.896207962262128649e-02
5.036464467019248215e-01 2.739128911341394135e-01 4.946641865817951594e-02
4.936690793340028360e-01 2.689618945708048825e-01 4.990116579672488478e-02
4.836429233401963179e-01 2.639747900531781433e-01 5.026672931736783645e-02
4.735665461407839727e-01 2.589504028514282852e-01 5.056353436908565813e-02
4.634382920918295179e-01 2.538873726275622800e-01 5.080039808724937794e-02
4.532569140143083430e-01 2.487846591935683471e-01 5.095787273140377216e-02
4.430207863365327459e-01 2.436409092857638736e-01 5.103416355899376144e-02
4.327281549099993851e-01 2.384546564505590494e-01 5.102947539608500976e-02
4.223771627562854514e-01 2.332243402244196240e-01 5.094403600157666051e-02
4.119658411625130578e-01 2.279482972277360187e-01 5.077809923567577072e-02
4.014920997395837188e-01 2.226247511283244440e-01 5.053194878986162764e-02
3.909537152888708511e-01 2.172518012927761033e-01 5.020590259347517542e-02
3.803483192947322844e-01 2.118274099080740547e-01 4.980031803860662798e-02
3.696733838254984139e-01 2.063493873117818456e-01 4.931559819826761976e-02
3.589262055830247378e-01 2.008153752142036175e-01 4.875219925491825618e-02
3.481038877881367788e-01 1.952228274273120345e-01 4.811063940980340320e-02
3.372033195235696335e-01 1.895689876287986186e-01 4.739150961163492159e-02
3.262211520735125436e-01 1.838508635798828394e-01 4.659548653043536076e-02
3.151537716943569878e-01 1.780651970752085422e-01 4.572334831491868534e-02
3.039972681179343161e-01 1.722084287220510546e-01 4.477599381778597093e-02
2.927473979165849394e-01 1.662766564102828859e-01 4.375446616393609267e-02
2.813995416356770973e-01 1.602655860244012187e-01 4.265998178714008882e-02
