1.000000000000000888e-02 1.762499999999999345e-01 3.900000000000000133e-01
1.031102362204727729e-02 1.817317913385825823e-01 4.021299212598424822e-01
1.062204724409449019e-02 1.872135826771652578e-01 4.142598425196850620e-01
1.093307086614175860e-02 1.926953740157479611e-01 4.263897637795275863e-01
1.124409448818897150e-02 1.981771653543306366e-01 4.385196850393701107e-01
1.155511811023623991e-02 2.036589566929132844e-01 4.506496062992125795e-01
1.186614173228345281e-02 2.091407480314959877e-01 4.627795275590551594e-01
1.217716535433072123e-02 2.146225393700786632e-01 4.749094488188976837e-01
1.248818897637798964e-02 2.201043307086613388e-01 4.870393700787401525e-01
1.279921259842520254e-02 2.255861220472439865e-01 4.991692913385826769e-01
1.311023622047247095e-02 2.310679133858267176e-01 5.112992125984252567e-01
1.342125984251973936e-02 2.365497047244093376e-01 5.234291338582677255e-01
1.373228346456689675e-02 2.420314960629920409e-01 5.355590551181103054e-01
1.404330708661416516e-02 2.475132874015746887e-01 5.476889763779527742e-01
1.435433070866143357e-02 2.529950787401573642e-01 5.598188976377952430e-01
1.466535433070870198e-02 2.584768700787400952e-01 5.719488188976378229e-01
1.497637795275597039e-02 2.639586614173227153e-01 5.840787401574802917e-01
1.528740157480312778e-02 2.694404527559053908e-01 5.962086614173228716e-01
1.559842519685039619e-02 2.749222440944881218e-01 6.083385826771654514e-01
1.590944881889766460e-02 2.804040354330707974e-01 6.204685039370079203e-01
1.622047244094493301e-02 2.858858267716534174e-01 6.325984251968503891e-01
1.653149606299209040e-02 2.913676181102360374e-01 6.447283464566929689e-01
1.684251968503935881e-02 2.968494094488187685e-01 6.568582677165354378e-01
1.715354330708662722e-02 3.023312007874014440e-01 6.689881889763780176e-01
1.746456692913389563e-02 3.078129921259841195e-01 6.811181102362204864e-01
1.777559055118116405e-02 3.132947834645667951e-01 6.932480314960629553e-01
1.808661417322832143e-02 3.187765748031494706e-01 7.053779527559056461e-01
1.839763779527558984e-02 3.242583661417322016e-01 7.175078740157481150e-01
1.870866141732285826e-02 3.297401574803148216e-01 7.296377952755905838e-01
1.901968503937012667e-02 3.352219488188974972e-01 7.417677165354330526e-01
1.933070866141739508e-02 3.407037401574801727e-01 7.538976377952755215e-01
1.964173228346455247e-02 3.461855314960628482e-01 7.660275590551182123e-01
1.995275590551182088e-02 3.516673228346455238e-01 7.781574803149606812e-01
2.026377952755908929e-02 3.571491141732281993e-01 7.902874015748031500e-01
2.057480314960635770e-02 3.626309055118109304e-01 8.024173228346457298e-01
2.088582677165351509e-02 3.681126968503935504e-01 8.145472440944883097e-01
2.119685039370078350e-02 3.735944881889762259e-01 8.266771653543307785e-01
2.150787401574805191e-02 3.790762795275588459e-01 8.388070866141732473e-01
2.181889763779532032e-02 3.845580708661415770e-01 8.509370078740157162e-01
2.212992125984258873e-02 3.900398622047242525e-01 8.630669291338582960e-01
2.244094488188974612e-02 3.955216535433069280e-01 8.751968503937008759e-01
2.275196850393701453e-02 4.010034448818896591e-01 8.873267716535433447e-01
2.306299212598428294e-02 4.064852362204722236e-01 8.994566929133858135e-01
2.337401574803155135e-02 4.119670275590550101e-01 9.115866141732283934e-01
2.368503937007870874e-02 4.174488188976376302e-01 9.237165354330709732e-01
2.399606299212597715e-02 4.229306102362203057e-01 9.358464566929134421e-01
2.430708661417324556e-02 4.284124015748029812e-01 9.479763779527560219e-01
2.461811023622051398e-02 4.338941929133856568e-01 9.601062992125984907e-01
2.492913385826778239e-02 4.393759842519683323e-01 9.722362204724409596e-01
3.436614173228358382e-02 4.459985236220470606e-01 9.752401574803148954e-01
4.649606299212616367e-02 4.529576771653541778e-01 9.755511811023621638e-01
5.862598425196874352e-02 4.599168307086613505e-01 9.758622047244094322e-01
7.075590551181121235e-02 4.668759842519683012e-01 9.761732283464565896e-01
8.288582677165345913e-02 4.738351377952753074e-01 9.764842519685039690e-01
9.501574803149615001e-02 4.807942913385825356e-01 9.767952755905511264e-01
1.071456692913387299e-01 4.877534448818896529e-01 9.771062992125983948e-01
1.192755905511813097e-01 4.947125984251967701e-01 9.774173228346456632e-01
1.314055118110235565e-01 5.016717519685037763e-01 9.777283464566930427e-01
1.435354330708661363e-01 5.086309055118107825e-01 9.780393700787400890e-01
1.556653543307087162e-01 5.155900590551178997e-01 9.783503937007873574e-01
1.677952755905512960e-01 5.225492125984250169e-01 9.786614173228346258e-01
1.799251968503938759e-01 5.295083661417321341e-01 9.789724409448818943e-01
1.920551181102364557e-01 5.364675196850393624e-01 9.792834645669291627e-01
2.041850393700790356e-01 5.434266732283463686e-01 9.795944881889762090e-01
2.163149606299212824e-01 5.503858267716533748e-01 9.799055118110235885e-01
2.284448818897638622e-01 5.573449803149604920e-01 9.802165354330708569e-01
2.405748031496064421e-01 5.643041338582677202e-01 9.805275590551181253e-01
2.527047244094490219e-01 5.712632874015748374e-01 9.808385826771653937e-01
2.648346456692913797e-01 5.782224409448817326e-01 9.811496062992126621e-01
2.769645669291338486e-01 5.851815944881888498e-01 9.814606299212598195e-01
2.890944881889764284e-01 5.921407480314959670e-01 9.817716535433070879e-01
3.012244094488190083e-01 5.990999015748030843e-01 9.820826771653543563e-01
3.133543307086616991e-01 6.060590551181102015e-01 9.823937007874015137e-01
3.254842519685041680e-01 6.130182086614172077e-01 9.827047244094486711e-01
3.376141732283464147e-01 6.199773622047242139e-01 9.830157480314960505e-01
3.497440944881889946e-01 6.269365157480313311e-01 9.833267716535433189e-01
3.618740157480315744e-01 6.338956692913384483e-01 9.836377952755905874e-01
3.740039370078742653e-01 6.408548228346456765e-01 9.839488188976377447e-01
3.861338582677168452e-01 6.478139763779527938e-01 9.842598425196850132e-01
3.982637795275590920e-01 6.547731299212598000e-01 9.845708661417323926e-01
4.103937007874015608e-01 6.617322834645668062e-01 9.848818897637795500e-01
4.225236220472442517e-01 6.686914370078739234e-01 9.851929133858267074e-01
4.346535433070868315e-01 6.756505905511810406e-01 9.855039370078739758e-01
4.467834645669294114e-01 6.826097440944882688e-01 9.858149606299212442e-01
4.589133858267715471e-01 6.895688976377951640e-01 9.861259842519685126e-01
4.710433070866141270e-01 6.965280511811022812e-01 9.864370078740157810e-01
4.831732283464568178e-01 7.034872047244093984e-01 9.867480314960629384e-01
4.953031496062993977e-01 7.104463582677165157e-01 9.870590551181102068e-01
5.074330708661419775e-01 7.174055118110236329e-01 9.873700787401574752e-01
5.195629921259845574e-01 7.243646653543307501e-01 9.876811023622047436e-01
5.316929133858266932e-01 7.313238188976376453e-01 9.879921259842520120e-01
5.438228346456693840e-01 7.382829724409447625e-01 9.883031496062991694e-01
5.559527559055119639e-01 7.452421259842519907e-01 9.886141732283464378e-01
5.680826771653545437e-01 7.522012795275591079e-01 9.889251968503937062e-01
5.802125984251971236e-01 7.591604330708662252e-01 9.892362204724409747e-01
5.923425196850393704e-01 7.661195866141731203e-01 9.895472440944881320e-01
6.044724409448819502e-01 7.730787401574802375e-01 9.898582677165354005e-01
6.166023622047245301e-01 7.800378937007873548e-01 9.901692913385826689e-01
6.287322834645671099e-01 7.869970472440945830e-01 9.904803149606299373e-01
6.408622047244096898e-01 7.939562007874017002e-01 9.907913385826772057e-01
6.529921259842519365e-01 8.009153543307085954e-01 9.911023622047243631e-01
6.651220472440945164e-01 8.078745078740157126e-01 9.914133858267716315e-01
6.772519685039370962e-01 8.148336614173228298e-01 9.917244094488188999e-01
6.893818897637796761e-01 8.217928149606299471e-01 9.920354330708661683e-01
7.015118110236222559e-01 8.287519685039370643e-01 9.923464566929134367e-01
7.136417322834649468e-01 8.357111220472441815e-01 9.926574803149605941e-01
7.257716535433070826e-01 8.426702755905510767e-01 9.929685039370078625e-01
7.379015748031496624e-01 8.496294291338581939e-01 9.932795275590551309e-01
7.500314960629922423e-01 8.565885826771653111e-01 9.935905511811023993e-01
7.621614173228349332e-01 8.635477362204725393e-01 9.939015748031495567e-01
7.742913385826775130e-01 8.705068897637796566e-01 9.942125984251968251e-01
7.864212598425196488e-01 8.774660433070865517e-01 9.945236220472440936e-01
7.985511811023622286e-01 8.844251968503936689e-01 9.948346456692913620e-01
8.106811023622048085e-01 8.913843503937007862e-01 9.951456692913386304e-01
8.228110236220474993e-01 8.983435039370080144e-01 9.954566929133857878e-01
8.349409448818900792e-01 9.053026574803151316e-01 9.957677165354330562e-01
8.470708661417322149e-01 9.122618110236220268e-01 9.960787401574803246e-01
8.592007874015747948e-01 9.192209645669291440e-01 9.963897637795275930e-01
8.713307086614174857e-01 9.261801181102362612e-01 9.967007874015747504e-01
8.834606299212600655e-01 9.331392716535433784e-01 9.970118110236220188e-01
8.955905511811026454e-01 9.400984251968504957e-01 9.973228346456692872e-01
9.077204724409452252e-01 9.470575787401576129e-01 9.976338582677165556e-01
9.198503937007873610e-01 9.540167322834645081e-01 9.979448818897638240e-01
9.319803149606300519e-01 9.609758858267717363e-01 9.982559055118109814e-01
9.441102362204726317e-01 9.679350393700788535e-01 9.985669291338582498e-01
9.562401574803152116e-01 9.748941929133859707e-01 9.988779527559055182e-01
9.683700787401577914e-01 9.818533464566930880e-01 9.991889763779527867e-01
9.805000000000000382e-01 9.888124999999999831e-01 9.994999999999999440e-01
9.994999999999999440e-01 9.916328125000000160e-01 9.805000000000000382e-01
9.991889763779527867e-01 9.864280265748031074e-01 9.683700787401573473e-01
9.988779527559054072e-01 9.812232406496063097e-01 9.562401574803151005e-01
9.985669291338581388e-01 9.760184547244094011e-01 9.441102362204725207e-01
9.982559055118109814e-01 9.708136687992126035e-01 9.319803149606300519e-01
9.979448818897638240e-01 9.656088828740158059e-01 9.198503937007873610e-01
9.976338582677165556e-01 9.604040969488188972e-01 9.077204724409447811e-01
9.973228346456693982e-01 9.551993110236220996e-01 8.955905511811023123e-01
9.970118110236221298e-01 9.499945250984251910e-01 8.834606299212597325e-01
9.967007874015748614e-01 9.447897391732282824e-01 8.713307086614171526e-01
9.963897637795275930e-01 9.395849532480314847e-01 8.592007874015747948e-01
9.960787401574803246e-01 9.343801673228345761e-01 8.470708661417322149e-01
9.957677165354330562e-01 9.291753813976377785e-01 8.349409448818896351e-01
9.954566929133856767e-01 9.239705954724408699e-01 8.228110236220473883e-01
9.951456692913385194e-01 9.187658095472440722e-01 8.106811023622046974e-01
9.948346456692913620e-01 9.135610236220472746e-01 7.985511811023622286e-01
9.945236220472440936e-01 9.083562376968503660e-01 7.864212598425196488e-01
9.942125984251968251e-01 9.031514517716534574e-01 7.742913385826770689e-01
9.939015748031496678e-01 8.979466658464567708e-01 7.621614173228346001e-01
9.935905511811025104e-01 8.927418799212598621e-01 7.500314960629919092e-01
9.932795275590551309e-01 8.875370939960629535e-01 7.379015748031496624e-01
9.929685039370078625e-01 8.823323080708661559e-01 7.257716535433070826e-01
9.926574803149605941e-01 8.771275221456692472e-01 7.136417322834645027e-01
9.923464566929133257e-01 8.719227362204723386e-01 7.015118110236219229e-01
9.920354330708660573e-01 8.667179502952755410e-01 6.893818897637795651e-01
9.917244094488188999e-01 8.615131643700787434e-01 6.772519685039370962e-01
9.914133858267716315e-01 8.563083784448819458e-01 6.651220472440945164e-01
9.911023622047243631e-01 8.511035925196850371e-01 6.529921259842519365e-01
9.907913385826772057e-01 8.458988065944881285e-01 6.408622047244092457e-01
9.904803149606300483e-01 8.406940206692913309e-01 6.287322834645667768e-01
9.901692913385827799e-01 8.354892347440944222e-01 6.166023622047241970e-01
9.898582677165354005e-01 8.302844488188976246e-01 6.044724409448819502e-01
9.895472440944881320e-01 8.250796628937007160e-01 5.923425196850393704e-01
9.892362204724409747e-01 8.198748769685038074e-01 5.802125984251966795e-01
9.889251968503935952e-01 8.146700910433071208e-01 5.680826771653544327e-01
9.886141732283463268e-01 8.094653051181102121e-01 5.559527559055118529e-01
9.883031496062991694e-01 8.042605191929134145e-01 5.438228346456693840e-01
9.879921259842520120e-01 7.990557332677165059e-01 5.316929133858266932e-01
9.876811023622047436e-01 7.938509473425197083e-01 5.195629921259841133e-01
9.873700787401574752e-01 7.886461614173227996e-01 5.074330708661415335e-01
9.870590551181103178e-01 7.834413754921258910e-01 4.953031496062990646e-01
9.867480314960629384e-01 7.782365895669292044e-01 4.831732283464568178e-01
9.864370078740157810e-01 7.730318036417322958e-01 4.710433070866141270e-01
9.861259842519685126e-01 7.678270177165353871e-01 4.589133858267715471e-01
9.858149606299212442e-01 7.626222317913384785e-01 4.467834645669289673e-01
9.855039370078738648e-01 7.574174458661416809e-01 4.346535433070867205e-01
9.851929133858265963e-01 7.522126599409448833e-01 4.225236220472441406e-01
9.848818897637795500e-01 7.470078740157479746e-01 4.103937007874015608e-01
9.845708661417322816e-01 7.418030880905511770e-01 3.982637795275589809e-01
9.842598425196850132e-01 7.365983021653542684e-01 3.861338582677164011e-01
9.839488188976378558e-01 7.313935162401574708e-01 3.740039370078739323e-01
9.836377952755906984e-01 7.261887303149605621e-01 3.618740157480312414e-01
9.833267716535433189e-01 7.209839443897637645e-01 3.497440944881889946e-01
9.830157480314960505e-01 7.157791584645668559e-01 3.376141732283464147e-01
9.827047244094487821e-01 7.105743725393700583e-01 3.254842519685038349e-01
9.823937007874015137e-01 7.053695866141731496e-01 3.133543307086612550e-01
9.820826771653542453e-01 7.001648006889762410e-01 3.012244094488188972e-01
9.817716535433070879e-01 6.949600147637795544e-01 2.890944881889764284e-01
9.814606299212598195e-01 6.897552288385826458e-01 2.769645669291338486e-01
9.811496062992125511e-01 6.845504429133857371e-01 2.648346456692912687e-01
9.808385826771652827e-01 6.793456569881889395e-01 2.527047244094486889e-01
9.805275590551182363e-01 6.741408710629921419e-01 2.405748031496061090e-01
9.802165354330709679e-01 6.689360851377952333e-01 2.284448818897635292e-01
9.799055118110235885e-01 6.637312992125984357e-01 2.163149606299212824e-01
9.795944881889763201e-01 6.585265132874015270e-01 2.041850393700787025e-01
9.792834645669291627e-01 6.533217273622046184e-01 1.920551181102360117e-01
9.789724409448817832e-01 6.481169414370078208e-01 1.799251968503937649e-01
9.786614173228345148e-01 6.429121555118109121e-01 1.677952755905511850e-01
9.783503937007873574e-01 6.377073695866142256e-01 1.556653543307087162e-01
9.780393700787400890e-01 6.325025836614173169e-01 1.435354330708661363e-01
9.777283464566929316e-01 6.272977977362204083e-01 1.314055118110234455e-01
9.774173228346456632e-01 6.220930118110234996e-01 1.192755905511808656e-01
9.771062992125985058e-01 6.168882258858268131e-01 1.071456692913383968e-01
9.767952755905511264e-01 6.116834399606299044e-01 9.501574803149615001e-02
9.764842519685039690e-01 6.064786540354329958e-01 8.288582677165345913e-02
9.761732283464565896e-01 6.012738681102360871e-01 7.075590551181099030e-02
9.758622047244094322e-01 5.960690821850391785e-01 5.862598425196829943e-02
9.755511811023620528e-01 5.908642962598424919e-01 4.649606299212605265e-02
9.752401574803148954e-01 5.856595103346455833e-01 3.436614173228336178e-02
9.722362204724407375e-01 5.799918799212597786e-01 2.492913385826778239e-02
9.601062992125982687e-01 5.727557209645668390e-01 2.461811023622051398e-02
9.479763779527556888e-01 5.655195620078738994e-01 2.430708661417324556e-02
9.358464566929133310e-01 5.582834030511810708e-01 2.399606299212597715e-02
9.237165354330707512e-01 5.510472440944881312e-01 2.368503937007870874e-02
9.115866141732282824e-01 5.438110851377953026e-01 2.337401574803155135e-02
8.994566929133857025e-01 5.365749261811022519e-01 2.306299212598428294e-02
8.873267716535431227e-01 5.293387672244093123e-01 2.275196850393701453e-02
8.751968503937007648e-01 5.221026082677164837e-01 2.244094488188974612e-02
8.630669291338580740e-01 5.148664493110235441e-01 2.212992125984258873e-02
8.509370078740154941e-01 5.076302903543306044e-01 2.181889763779532032e-02
8.388070866141731363e-01 5.003941313976377758e-01 2.150787401574805191e-02
8.266771653543305565e-01 4.931579724409447807e-01 2.119685039370078350e-02
8.145472440944879766e-01 4.859218134842518966e-01 2.088582677165351509e-02
8.024173228346455078e-01 4.786856545275589569e-01 2.057480314960635770e-02
7.902874015748029279e-01 4.714494955708660173e-01 2.026377952755908929e-02
7.781574803149605701e-01 4.642133366141731887e-01 1.995275590551182088e-02
7.660275590551179903e-01 4.569771776574802491e-01 1.964173228346455247e-02
7.538976377952754104e-01 4.497410187007872540e-01 1.933070866141728406e-02
7.417677165354329416e-01 4.425048597440944809e-01 1.901968503937012667e-02
7.296377952755903618e-01 4.352687007874014302e-01 1.870866141732285826e-02
7.175078740157480039e-01 4.280325418307086016e-01 1.839763779527558984e-02
7.053779527559054241e-01 4.207963828740157175e-01 1.808661417322832143e-02
6.932480314960627332e-01 4.135602239173226669e-01 1.777559055118116405e-02
6.811181102362203754e-01 4.063240649606298383e-01 1.746456692913389563e-02
6.689881889763777956e-01 3.990879060039369541e-01 1.715354330708662722e-02
6.568582677165352157e-01 3.918517470472439035e-01 1.684251968503935881e-02
6.447283464566928579e-01 3.846155880905511304e-01 1.653149606299209040e-02
6.325984251968501670e-01 3.773794291338581353e-01 1.622047244094493301e-02
6.204685039370075872e-01 3.701432701771651956e-01 1.590944881889766460e-02
6.083385826771652294e-01 3.629071112204723670e-01 1.559842519685039619e-02
5.962086614173226495e-01 3.556709522637794274e-01 1.528740157480312778e-02
5.840787401574801807e-01 3.484347933070865433e-01 1.497637795275597039e-02
5.719488188976376009e-01 3.411986343503936037e-01 1.466535433070870198e-02
5.598188976377950210e-01 3.339624753937006640e-01 1.435433070866143357e-02
5.476889763779526632e-01 3.267263164370078354e-01 1.404330708661416516e-02
5.355590551181100833e-01 3.194901574803148403e-01 1.373228346456689675e-02
5.234291338582676145e-01 3.122539985236220117e-01 1.342125984251973936e-02
5.112992125984250347e-01 3.050178395669290721e-01 1.311023622047247095e-02
4.991692913385824548e-01 2.977816806102360769e-01 1.279921259842520254e-02
4.870393700787400970e-01 2.905455216535432483e-01 1.248818897637793413e-02
4.749094488188974617e-01 2.833093626968503087e-01 1.217716535433072123e-02
4.627795275590548818e-01 2.760732037401573691e-01 1.186614173228345281e-02
4.506496062992124685e-01 2.688370447834644850e-01 1.155511811023623991e-02
4.385196850393698886e-01 2.616008858267715453e-01 1.124409448818897150e-02
4.263897637795272533e-01 2.543647268700785502e-01 1.093307086614175860e-02
4.142598425196848955e-01 2.471285679133857216e-01 1.062204724409449019e-02
4.021299212598423156e-01 2.398924089566927820e-01 1.031102362204722178e-02
3.900000000000000133e-01 2.326562500000000089e-01 1.000000000000000888e-02
