1.182569282127369191e-02 2.912881486971147932e-02 3.742005060158876822e-02
1.232298989288026746e-02 3.622023404318447382e-02 4.616881176923925967e-02
1.298178690411531597e-02 4.397358722041964929e-02 5.394916417378423090e-02
1.396267204479068567e-02 5.153535705032204900e-02 6.189333384517818615e-02
1.526916250398837639e-02 5.877655573854691923e-02 6.999049069528168188e-02
1.803638062252371083e-02 6.543919838154607649e-02 7.803535918235392221e-02
2.085425163428271042e-02 7.200108042087353943e-02 8.610488204960028980e-02
2.363385085390058704e-02 7.850329769601621654e-02 9.405505986246541494e-02
2.636661686116304262e-02 8.494637540834279466e-02 1.018895469324864189e-01
2.904802201222525873e-02 9.133034410063695097e-02 1.096159318506184088e-01
3.166989506893536782e-02 9.765732188594281049e-02 1.172363094004263140e-01
3.422430921700984896e-02 1.039296038076322343e-01 1.247529672817391660e-01
3.670358732394321533e-02 1.101495420599209740e-01 1.321682667518014886e-01
3.910029276742599952e-02 1.163194735494476745e-01 1.394845691692477574e-01
4.140721401824245390e-02 1.224416766576899435e-01 1.467041912302536055e-01
4.356096735933531749e-02 1.285223919336380416e-01 1.538334502218744737e-01
4.549273392017177953e-02 1.345666119560744445e-01 1.608774269630695308e-01
4.723945307981388536e-02 1.405730465445810262e-01 1.678348864259111839e-01
4.881641481656804477e-02 1.465419808276253455e-01 1.747061825369819188e-01
5.024165206662793703e-02 1.524731709767881138e-01 1.814911408639971191e-01
5.154683865589636260e-02 1.583644824420929187e-01 1.881876847760459992e-01
5.272529020718585285e-02 1.642189131081855935e-01 1.947989180349032901e-01
5.377776407570718925e-02 1.700382167772379050e-01 2.013266975641507806e-01
5.470453684565342034e-02 1.758240232535748515e-01 2.077727615723707899e-01
5.550542119186991502e-02 1.815778496851873369e-01 2.141387403580357340e-01
5.617977395802209450e-02 1.873011105401531928e-01 2.204261658476005525e-01
5.672649589979116697e-02 1.929951264095460250e-01 2.266364800372603072e-01
5.714402319389073198e-02 1.986611317947543087e-01 2.327710424799337985e-01
5.743031047736249506e-02 2.043002820097255534e-01 2.388311369352854874e-01
5.758280483191176302e-02 2.099136593059773293e-01 2.448179772807067001e-01
5.759840973891183075e-02 2.155022783091366800e-01 2.507327127642379749e-01
5.747343757223738470e-02 2.210670908392645406e-01 2.565764326655876615e-01
5.720354862976184673e-02 2.266089901725195643e-01 2.623501704179673211e-01
5.678367397939472483e-02 2.321288147879768948e-01 2.680549072307462088e-01
5.620791844023179107e-02 2.376273516298321731e-01 2.736915752401212765e-01
5.546943873081341958e-02 2.431053389008009380e-01 2.792610602011983967e-01
5.456029004250120135e-02 2.485634683859616334e-01 2.847642037187943509e-01
5.347123180723411390e-02 2.540023872857052334e-01 2.902018049940559008e-01
5.219147987238405978e-02 2.594226995089281562e-01 2.955746220367642119e-01
5.071102307153899785e-02 2.648247686243794807e-01 3.008831729293411361e-01
4.900940094012989912e-02 2.702095362937306788e-01 3.061285608983781992e-01
4.701695716865743335e-02 2.755809838829493819e-01 3.113149538232848346e-01
4.468288795260546425e-02 2.809408509188227043e-01 3.164442593355536459e-01
4.192845255246034630e-02 2.862913429551717792e-01 3.215188543711487990e-01
3.883252373725985807e-02 2.916281701454493391e-01 3.265345761850322326e-01
3.796808175175333394e-02 2.968075830450076502e-01 3.313481503312610821e-01
3.785520854620597758e-02 3.019219487935725366e-01 3.360519140210977418e-01
3.770666164692688255e-02 3.070180552505974991e-01 3.406927375067130281e-01
3.752223018449856590e-02 3.120963815945743680e-01 3.452712864823112571e-01
3.730170878237889370e-02 3.171573856201790886e-01 3.497882068144970713e-01
3.704489763390395041e-02 3.222015049642623086e-01 3.542441256937297056e-01
3.675302320658237198e-02 3.272290861984132326e-01 3.586395714215356301e-01
3.642519706943159880e-02 3.322405687807249430e-01 3.629751798070073310e-01
3.606119115578410722e-02 3.372363404055290226e-01 3.672515321724432180e-01
3.566080788800315288e-02 3.422167712396303463e-01 3.714691933999780260e-01
3.522385612865773508e-02 3.471822160400390156e-01 3.756287141323614853e-01
3.475015119530272534e-02 3.521330149694386624e-01 3.797306315201557370e-01
3.423951487006170885e-02 3.570694943579441616e-01 3.837754699166435191e-01
3.369177540448688862e-02 3.619919674154548628e-01 3.877637415247023323e-01
3.310676751965708348e-02 3.669007348985303674e-01 3.916959469994518162e-01
3.248433240205842593e-02 3.717960857353127535e-01 3.955725760101981847e-01
3.182431769510610936e-02 3.766782976117362680e-01 3.993941077647983340e-01
3.112657748673070338e-02 3.815476375219372107e-01 4.031610114993647853e-01
3.039097229322375304e-02 3.864043622855293236e-01 4.068737469359133829e-01
2.961736903924049730e-02 3.912487190341925603e-01 4.105327647103517719e-01
2.880564103448045657e-02 3.960809456697735320e-01 4.141385067730074532e-01
2.795566794693402426e-02 4.009012712959451052e-01 4.176914067636953165e-01
2.706733577302272362e-02 4.057099166252751687e-01 4.211918903631494127e-01
2.614053680459796011e-02 4.105070943634129832e-01 4.246403756225221038e-01
2.517516959302200028e-02 4.152930095719598036e-01 4.280372732724699869e-01
2.417113891063113126e-02 4.200678600114503003e-01 4.313829870132712130e-01
2.312835570931194573e-02 4.248318364657841517e-01 4.346779137872620602e-01
2.204673707667520813e-02 4.295851230493129003e-01 4.379224440348060687e-01
2.171706046751182076e-02 4.342989555940318658e-01 4.410882876281059795e-01
2.156911426221813297e-02 4.389952269128236106e-01 4.441973844586246112e-01
2.141175715842808316e-02 4.436811947487772634e-01 4.472571394370752906e-01
2.124503163150406881e-02 4.483570216235458483e-01 4.502679233453434349e-01
2.108984109960200179e-02 4.530231067399524414e-01 4.532197146629781126e-01
2.094741764815578541e-02 4.576797815286179905e-01 4.561108017847558815e-01
2.079734892434144042e-02 4.623270177126510561e-01 4.589511433986203093e-01
2.063968851261752113e-02 4.669649657455114955e-01 4.617409780926986507e-01
2.047449006693724885e-02 4.715937714206486220e-01 4.644805393368701685e-01
2.030180731702503974e-02 4.762135760474373591e-01 4.671700556483005529e-01
2.012169407391130663e-02 4.808245166189138442e-01 4.698097507483418034e-01
1.993420423468046307e-02 4.854267259717781058e-01 4.723998437112629789e-01
1.973939178654036258e-02 4.900203329390953599e-01 4.749405491052582917e-01
1.953731081022763369e-02 4.946054624961030988e-01 4.774320771261408303e-01
1.932801548268429925e-02 4.991822358995077202e-01 4.798746337241051596e-01
1.911156007929925432e-02 5.037507708206134804e-01 4.822684207239133491e-01
1.888799897539737357e-02 5.083111814726294364e-01 4.846136359388395487e-01
1.865738664731144206e-02 5.128635787324538065e-01 4.869104732786823653e-01
1.841977767292635182e-02 5.174080702572321222e-01 4.891591228521333101e-01
1.817522673164177066e-02 5.219447605959626202e-01 4.913597710637840343e-01
1.792378860399093318e-02 5.264737512964018373e-01 4.935126007059942310e-01
1.766551817065697624e-02 5.309951410075153255e-01 4.956177910458923197e-01
1.740047041129909322e-02 5.355090255776893127e-01 4.976755179077057556e-01
1.712870040282218551e-02 5.400154981489311279e-01 4.996859537506314064e-01
1.685026331714758324e-02 5.445146492472471289e-01 5.016492677424435609e-01
1.656521441893635260e-02 5.490065668693842049e-01 5.035656258290115428e-01
1.627360906280713934e-02 5.534913365661210394e-01 5.054351907998866356e-01
1.597550269003926438e-02 5.579690415222732236e-01 5.072581223501466674e-01
1.567095082535977998e-02 5.624397626335597700e-01 5.090345771385995643e-01
1.536000907307288367e-02 5.669035785804960037e-01 5.107647088425104620e-01
1.504273311316996209e-02 5.713605658994365122e-01 5.124486682089680611e-01
1.471917869693415044e-02 5.758107990509170326e-01 5.140866031030149053e-01
1.438940164263034956e-02 5.802543504853963086e-01 5.156786585526325073e-01
1.405345783057778200e-02 5.846912907065501264e-01 5.172249767907113327e-01
1.371140319812707252e-02 5.891216883321976905e-01 5.187256972940630373e-01
1.336329373463083191e-02 5.935456101529782424e-01 5.201809568195939759e-01
1.300918547601437152e-02 5.979631211888828402e-01 5.215908894376967142e-01
1.264913449899817202e-02 6.023742847437328907e-01 5.229556265629516920e-01
1.228319691558601642e-02 6.067791624576868159e-01 5.242752969821771192e-01
1.191142886674037039e-02 6.111778143578812106e-01 5.255500268799272456e-01
1.153388651671974179e-02 6.155702989072509013e-01 5.267799398614553263e-01
1.115062604652143283e-02 6.199566730516508084e-01 5.279651569732204397e-01
1.076170364739970596e-02 6.243369922653180248e-01 5.291057967209620294e-01
1.036717551451027050e-02 6.287113105947510494e-01 5.302019750853957936e-01
9.967097840128341310e-03 6.330796807010807825e-01 5.312538055355581212e-01
9.561526806817838980e-03 6.374421539009881288e-01 5.322613990398269435e-01
9.150518580446962910e-03 6.417987802062338210e-01 5.332248640746493074e-01
8.734129303332992603e-03 6.461496083618392117e-01 5.341443066310013199e-01
8.312415086896000893e-03 6.504946858830049639e-01 5.350198302185716903e-01
7.885432004464764874e-03 6.548340590907847369e-01 5.358515358677088392e-01
7.453236084109985705e-03 6.591677731465798162e-01 5.366395221291287987e-01
7.015883301025148053e-03 6.634958720855045344e-01 5.373838850713731352e-01
6.573429570020858197e-03 6.678183988486583456e-01 5.380847182760418734e-01
6.125930738181413482e-03 6.721353953143436311e-01 5.387421128307670060e-01
5.673442577034607491e-03 6.764469023282840832e-01 5.393561573199324721e-01
5.331055208231994490e-03 6.806836300224589076e-01 5.407832089398729725e-01
5.102917105779525980e-03 6.848421608342240008e-01 5.430775527988330742e-01
4.875486108329656065e-03 6.889907362422716952e-01 5.454012181410513582e-01
4.648904529573169749e-03 6.931294235937586201e-01 5.477544663433543404e-01
4.423314566300644637e-03 6.972582883977684887e-01 5.501375565241404253e-01
4.198858352247475736e-03 7.013773943706613778e-01 5.525507454819853503e-01
3.975678005020541125e-03 7.054868034796230036e-01 5.549942876397538916e-01
3.753915668142631962e-03 7.095865759844696141e-01 5.574684349938614503e-01
3.533713547793962927e-03 7.136767704778284038e-01 5.599734370682949436e-01
3.315213945725444152e-03 7.177574439237373038e-01 5.625095408730792501e-01
3.098559288083824886e-03 7.218286516947687304e-01 5.650769908668829000e-01
2.883892151024625410e-03 7.258904476077312484e-01 5.676760289235016632e-01
2.671355283365596002e-03 7.299428839580223149e-01 5.703068943019486969e-01
2.461091626642543731e-03 7.339860115526943840e-01 5.729698236199490813e-01
2.253244332428256530e-03 7.380198797423058732e-01 5.756650508305876102e-01
2.047956777856495443e-03 7.420445364515966258e-01 5.783928072019294264e-01
1.845372578870013627e-03 7.460600282090624757e-01 5.811533212994230979e-01
1.645635601897654007e-03 7.500664001754639987e-01 5.839468189708930668e-01
1.448889973641745432e-03 7.540636961713373942e-01 5.867735233339750334e-01
1.255280089337652404e-03 7.580519587035386975e-01 5.896336547658099780e-01
1.064950620077089339e-03 7.620312289908688363e-01 5.925274308948654811e-01
8.780465179401861307e-04 7.660015469888433737e-01 5.954550665947238031e-01
6.947130209724696522e-04 7.699629514136070441e-01 5.984167739797189300e-01
5.150956560265976562e-04 7.739154797650766859e-01 6.014127624022738150e-01
3.393402414963954047e-04 7.778591683493136788e-01 6.044432384518070300e-01
1.675928882272455700e-04 7.817940523001832842e-01 6.075084059551146831e-01
0.000000000000000000e+00 7.857201656003260926e-01 6.106084659780907087e-01
2.262173885668503082e-03 7.895952092785716303e-01 6.137042617768895258e-01
5.412401520793118544e-03 7.934467680402700340e-01 6.168216048344535851e-01
3.504042452508007027e-02 7.968340388614417735e-01 6.195508929499949913e-01
7.158059440912724336e-02 7.999792568791509462e-01 6.220988284355875031e-01
9.842223410015167595e-02 8.030878990483762969e-01 6.246565766328793234e-01
1.206246020482486803e-01 8.061664134216032229e-01 6.272302490844685607e-01
1.400395704337968616e-01 8.092176207405463728e-01 6.298225840987011770e-01
1.575639070769017103e-01 8.122429817136285202e-01 6.324350535697815801e-01
1.737094869199142522e-01 8.152433708482867969e-01 6.350685819896262352e-01
1.887996153823081336e-01 8.182193619823007191e-01 6.377238117590887656e-01
2.030531290626987062e-01 8.211713568135614594e-01 6.404012226225788140e-01
2.166258244060410010e-01 8.240996507187878795e-01 6.431011928354056773e-01
2.296329752910267752e-01 8.270044696868057432e-01 6.458240334928083692e-01
2.421625052827768299e-01 8.298859925150486871e-01 6.485700091669381884e-01
2.542831467064425865e-01 8.327443648823771305e-01 6.513393509963942840e-01
2.660497318064151129e-01 8.355797086623398817e-01 6.541322653541535859e-01
2.775067558311845595e-01 8.383921283069154518e-01 6.569489397943119036e-01
2.886908532790294912e-01 8.411817153519820511e-01 6.597895472543796602e-01
2.996325655371986363e-01 8.439485516764355655e-01 6.626542491003151181e-01
3.103576321111758962e-01 8.466927119095973842e-01 6.655431973809360358e-01
3.208879529477554615e-01 8.494142652416184491e-01 6.684565365283779981e-01
3.312423183710825336e-01 8.521132768060262208e-01 6.713944046616968642e-01
3.414369714479293383e-01 8.547898087495336972e-01 6.743569346005962029e-01
3.514860473151752984e-01 8.574439210692730295e-01 6.773442546636897488e-01
3.614019206962533759e-01 8.600756722743165827e-01 6.803564893041359474e-01
3.711954839050827792e-01 8.626851199125977754e-01 6.833937596207717569e-01
3.808763715246459292e-01 8.652723209933597115e-01 6.864561837727555238e-01
3.904531436862124227e-01 8.678373323276217244e-01 6.895438773185381676e-01
3.999334368562184050e-01 8.703802108035887386e-01 6.926569534948754381e-01
4.093240888654642862e-01 8.729010136099406569e-01 6.957955234478807593e-01
4.186312433307647907e-01 8.753997984170163171e-01 6.989596964253756983e-01
4.278604374494026086e-01 8.778766235236525883e-01 7.021495799377264202e-01
4.370166762717833664e-01 8.803315479758517803e-01 7.053652798928827794e-01
4.461044958975415864e-01 8.827646316621289291e-01 7.086069007100931350e-01
4.551280175361081537e-01 8.851759353894737004e-01 7.118745454159193242e-01
4.640909939848883448e-01 8.875655209430541870e-01 7.151683157254590251e-01
4.729968497765088542e-01 8.899334511322639640e-01 7.184883121111327320e-01
4.818487160107561285e-01 8.922797898251808579e-01 7.218346338609820112e-01
4.906494607003280550e-01 8.946046019732066812e-01 7.252073791280556625e-01
4.994017153116538932e-01 8.969079536272978048e-01 7.286066449722162774e-01
5.081078980634541331e-01 8.991899119470095902e-01 7.320325273954543244e-01
5.167702344505020751e-01 9.014505452033398925e-01 7.354851213716379066e-01
5.253907753825235449e-01 9.036899227762575926e-01 7.389645208714747948e-01
5.339714132656397938e-01 9.059081151475950611e-01 7.424708188833365474e-01
5.425138963018487637e-01 9.081051938899533660e-01 7.460041074305072684e-01
5.510198412398832346e-01 9.102812316521272651e-01 7.495644775853336217e-01
5.594907447754881025e-01 9.124363021415268227e-01 7.531520194806972102e-01
5.679279937702844672e-01 9.145704801039520326e-01 7.567668223191401644e-01
5.763328744337207210e-01 9.166838413011003661e-01 7.604089743799711254e-01
5.847065805925500959e-01 9.187764624860684792e-01 7.640785630246139659e-01
5.930502211548168701e-01 9.208484213771456206e-01 7.677756747004267357e-01
6.013648268611722081e-01 9.228997966300813705e-01 7.715003949432019947e-01
6.096513564037084887e-01 9.249306678090740697e-01 7.752528083785178437e-01
6.179107019823462110e-01 9.269411153566287087e-01 7.790329987221200625e-01
6.261436943597793459e-01 9.289312205624403740e-01 7.828410487794488226e-01
6.343511074681865702e-01 9.309010655314896576e-01 7.866770404444535236e-01
6.425336626148526742e-01 9.328507331513831158e-01 7.905410546978109965e-01
6.506920323274778539e-01 9.347803070591628183e-01 7.944331716046197922e-01
6.588268438757267642e-01 9.366898716076083042e-01 7.983534703117022291e-01
6.669386825010599207e-01 9.385795118311334173e-01 8.023020290445500580e-01
6.750280943830918590e-01 9.404493134113988129e-01 8.062789251040216598e-01
6.830955893678738455e-01 9.422993626426645619e-01 8.102842348628364055e-01
6.911416434803889786e-01 9.441297463969784420e-01 8.143180337619299047e-01
6.991667012412423610e-01 9.459405520892650854e-01 8.183803963067239895e-01
7.071711778054609043e-01 9.477318676423462929e-01 8.224713960633692755e-01
7.151554609392577477e-01 9.495037814519698971e-01 8.265911056549779534e-01
7.231199128491733186e-01 9.512563823518688233e-01 8.307395967579194185e-01
7.310648718762893239e-01 9.529897595789201814e-01 8.349169400981899525e-01
7.389906540672314117e-01 9.547040027384126049e-01 8.391232054479039748e-01
7.468975546322360604e-01 9.563992017694740166e-01 8.433584616219232943e-01
7.547858492997256974e-01 9.580754469106924631e-01 8.476227764746648852e-01
7.626557955758426210e-01 9.597328286659572161e-01 8.519162168971048388e-01
7.705076339167060695e-01 9.613714377705284697e-01 8.562388488139978104e-01
7.783415888202227517e-01 9.629913651573985822e-01 8.605907371813319440e-01
7.861578698438932422e-01 9.645927019239262101e-01 8.649719459840464753e-01
7.939566725542772652e-01 9.661755392987906310e-01 8.693825382340153451e-01
8.017381794134361694e-01 9.677399686092593711e-01 8.738225759683134752e-01
8.095025606069784496e-01 9.692860812488304223e-01 8.782921202477926848e-01
8.172499748182050494e-01 9.708139686452095241e-01 8.827912311559444891e-01
8.249805699522935187e-01 9.723237222286630344e-01 8.873199677981029598e-01
8.326944838141037142e-01 9.738154334007596002e-01 8.918783883009575586e-01
8.403918447429277183e-01 9.752891935035290505e-01 8.964665498124034793e-01
8.480727722073920782e-01 9.767450937889923246e-01 9.010845085017289424e-01
8.557373773631599123e-01 9.781832253891186157e-01 9.057323195601465482e-01
8.633857635760466831e-01 9.796036792862200526e-01 9.104100372016663556e-01
8.710180269129822461e-01 9.810065462837536110e-01 9.151177146643173499e-01
8.786342566029551326e-01 9.823919169775682247e-01 9.198554042117175200e-01
8.862345354699802114e-01 9.837598817275801100e-01 9.246231571350018719e-01
8.938189403399009469e-01 9.851105306299097197e-01 9.294210237550833975e-01
9.013875424228737776e-01 9.864439534894305917e-01 9.342490534252759771e-01
9.089404076729195037e-01 9.877602397928045841e-01 9.391072945342605616e-01
9.164775971262397736e-01 9.890594786819305595e-01 9.439957945093927494e-01
9.239991672194761696e-01 9.903417589278706856e-01 9.489145998203560861e-01
9.315051700893210995e-01 9.916071689052032845e-01 9.538637559831444346e-01
9.389956538545262132e-01 9.928557965668443064e-01 9.588433075643868486e-01
9.464706628815243716e-01 9.940877294193021241e-01 9.638532981859987414e-01
9.539302380345655585e-01 9.953030544983906269e-01 9.688937705301481351e-01
9.613744169113971338e-01 9.965018583453796319e-01 9.739647663445554215e-01
9.688032340653015551e-01 9.976842269836007082e-01 9.790663264480825578e-01
9.762167212143685324e-01 9.988502458954785501e-01 9.841984907366568835e-01
9.836149074387385838e-01 1.000000000000000000e+00 9.893612981894613911e-01
