4.347434705990054632e-02 0.000000000000000000e+00 1.279257124878630013e-03
5.715020937775786188e-03 0.000000000000000000e+00 9.964175139280689875e-03
1.640030420247405238e-02 4.498175657103132630e-04 2.551875375693679268e-02
3.099420277849744554e-02 2.688860151270445337e-03 4.497347150545199373e-02
4.702675414181430036e-02 6.153127697101815931e-03 6.470500706985121697e-02
6.192138473826385575e-02 1.067904863325867121e-02 8.405478040021661934e-02
7.618863114106359802e-02 1.606858066645144856e-02 1.028754399522731622e-01
8.995730365939924589e-02 2.224605953973498793e-02 1.212620817813158947e-01
1.033166850648463281e-01 2.914853272972296738e-02 1.392816708115607038e-01
1.163308296166168793e-01 3.665891980535597450e-02 1.569846246133909384e-01
1.290477792287163250e-01 4.401091178257574010e-02 1.744101541902931263e-01
1.415048010742674667e-01 5.106310212174230284e-02 1.915895607360599273e-01
1.537315780632090012e-01 5.785241188750067654e-02 2.085483660048690069e-01
1.657522606975938007e-01 6.440771854145527220e-02 2.253077457572471021e-01
1.775868453399727376e-01 7.075221071244551518e-02 2.418855282501449766e-01
1.892521335790978143e-01 7.690490575263841944e-02 2.582969105660518072e-01
2.007624201036008194e-01 8.288167208357447024e-02 2.745549856296469193e-01
2.121299984234041869e-01 8.869594319491828915e-02 2.906711384384169650e-01
2.233655407305066010e-01 9.435923141076835163e-02 3.066553496121492972e-01
2.344783885664754319e-01 9.988150699798523102e-02 3.225164317876864639e-01
2.454767788770939874e-01 1.052714839925796564e-01 3.382622163945847582e-01
2.563680223501043076e-01 1.105368397435731037e-01 3.538997031293033002e-01
2.671586459086467968e-01 1.156843863093220542e-01 3.694351809533591435e-01
2.778545078677177593e-01 1.207202061975395369e-01 3.848743270517088755e-01
2.884608919566993279e-01 1.256497612450739321e-01 4.002222885204226865e-01
2.989825848022159005e-01 1.304779809537827684e-01 4.154837503684301603e-01
3.094239403223916773e-01 1.352093348980498433e-01 4.306629925631586531e-01
3.197889336582980246e-01 1.398478926298937774e-01 4.457639382235712988e-01
3.300812066639288722e-01 1.443973736608854530e-01 4.607901945991045856e-01
3.403041065274517440e-01 1.488611894877030217e-01 4.757450881235254503e-01
3.504607187595419893e-01 1.532424791788491170e-01 4.906316945670838869e-01
3.605538955286893277e-01 1.575441397060142190e-01 5.054528651063212585e-01
3.705862801269899642e-01 1.617688519522159918e-01 5.202112489727013234e-01
3.805603281978257035e-01 1.659191031375586711e-01 5.349093132174713716e-01
3.904783262379317166e-01 1.699972062564570063e-01 5.495493600325273009e-01
4.003424077927000835e-01 1.740053170060137655e-01 5.641335419894647485e-01
4.101545676891658609e-01 1.779454485959210130e-01 5.786638754968332909e-01
4.199166745916664278e-01 1.818194847596789343e-01 5.931422527255575394e-01
4.296304821172381994e-01 1.856291912308391245e-01 6.075704522118069439e-01
4.392976387090597457e-01 1.893762259029564687e-01 6.219501483134853848e-01
4.489196964345669727e-01 1.930621478557036086e-01 6.362829196692435518e-01
4.584981188489985482e-01 1.966884254000894061e-01 6.505702567865104813e-01
4.680342880437081687e-01 2.002564432717072462e-01 6.648135688663799892e-01
4.775295109809442606e-01 2.037675090811277290e-01 6.790141899577081253e-01
4.869850252020313519e-01 2.072228591142605270e-01 6.931733845197607380e-01
4.964020039835979059e-01 2.106236635619410102e-01 7.072923524618723867e-01
5.057815610061496825e-01 2.139710312467126285e-01 7.213722337193341216e-01
5.151247545906011416e-01 2.172660139052861039e-01 7.354141124169434329e-01
5.244325915509684410e-01 2.205096100772127310e-01 7.494190206650068742e-01
5.337060307051934016e-01 2.237027686435609508e-01 7.633879420269247262e-01
5.429459860807104299e-01 2.268463920536900047e-01 7.773218146926249572e-01
5.521533298468042084e-01 2.299413392733418715e-01 7.912215343879656082e-01
5.613288950018998635e-01 2.329884284831107433e-01 8.050879570466173973e-01
5.704734778405214923e-01 2.359884395528169532e-01 8.189219012678425891e-01
5.795878402217697900e-01 2.389421163142133042e-01 8.327241505808844479e-01
5.886727116586216724e-01 2.418501686518280402e-01 8.464954555343645604e-01
5.977287912451864083e-01 2.447132744294539808e-01 8.602365356270187391e-01
6.067567494371095549e-01 2.475320812678084015e-01 8.739480810943429656e-01
6.157572296986894012e-01 2.503072081871501320e-01 8.876307545641461960e-01
6.247308500287741539e-01 2.530392471271480925e-01 9.012851925926501639e-01
6.336782043762589911e-01 2.557287643549448486e-01 9.149120070915588432e-01
6.425998639548406999e-01 2.583763017712505383e-01 9.285117866554526422e-01
6.514963784657509249e-01 2.609823781232067375e-01 9.420850977979580154e-01
6.603682772362438058e-01 2.635474901319481700e-01 9.556324861042542196e-01
6.691850902623723840e-01 2.683535859603024543e-01 9.644627374285339450e-01
6.779261664248567021e-01 2.753889054076344434e-01 9.685362280641778288e-01
6.864559337318933974e-01 2.826229443497761395e-01 9.723978851035528503e-01
6.947446466095903439e-01 2.900950717556770586e-01 9.760207322619844916e-01
7.027842519695443047e-01 2.978074635572772744e-01 9.793979215768623403e-01
7.105684843765367464e-01 3.057586699229467575e-01 9.825240079517409963e-01
7.180927376584745891e-01 3.139441283727743004e-01 9.853948355427999406e-01
7.253539496707805956e-01 3.223566427656945343e-01 9.880074478385346692e-01
7.323504924879138400e-01 3.309868343303571381e-01 9.903600116375146367e-01
7.390820639960158367e-01 3.398235650447097855e-01 9.924517487434763030e-01
7.455495790971993220e-01 3.488543311365899791e-01 9.942828714542554236e-01
7.517550601102249708e-01 3.580656238296654470e-01 9.958545194078786134e-01
7.577015267830559120e-01 3.674432548480506822e-01 9.971686963670006731e-01
7.633928868033464932e-01 3.769726450938911677e-01 9.982282062352565433e-01
7.688338279177402423e-01 3.866390759943102995e-01 9.990365880999764192e-01
7.740297128267671356e-01 3.964279040739085991e-01 9.995980504423785939e-01
7.789864779641032522e-01 4.063247402303698519e-01 9.999174048866749098e-01
7.837105371380016505e-01 4.163155959176760290e-01 1.000000000000000000e+00
7.882086908394402291e-01 4.263869989588253695e-01 9.998516557262084881e-01
7.924880418293742679e-01 4.365260820281106069e-01 9.994785990545020926e-01
7.965559174233701745e-01 4.467206469869497987e-01 9.988874015021896868e-01
8.004197987078897070e-01 4.569592082588553872e-01 9.980849189408917965e-01
8.040872567564042450e-01 4.672310183214400392e-01 9.970782342266959475e-01
8.075658957700652119e-01 4.775260782074583488e-01 9.958746030149776551e-01
8.108633029487023469e-01 4.878351356700885155e-01 9.944814030561008877e-01
8.139870048036551564e-01 4.981496734023192485e-01 9.929060871839350266e-01
8.169444295531405054e-01 5.084618894242813880e-01 9.911561401287005690e-01
8.197428751912894107e-01 5.187646714788290980e-01 9.892390392117240694e-01
8.223894827911362171e-01 5.290515670140956139e-01 9.871622189138468118e-01
8.248912145868360080e-01 5.393167500882929399e-01 9.849330392524340283e-01
8.272548363783518433e-01 5.495549863103580401e-01 9.825587578544492384e-01
8.294869038102451464e-01 5.597615967318222419e-01 9.800465055747721310e-01
8.315937520923691872e-01 5.699324214308526537e-01 9.774032654793027852e-01
8.335814887523590455e-01 5.800637833779010988e-01 9.746358549907647717e-01
8.354559890357373675e-01 5.901524530425350523e-01 9.717509109806101719e-01
8.372228935977999997e-01 6.001956140909847637e-01 9.687548775820877811e-01
8.388876081610835422e-01 6.101908304316722154e-01 9.656539964965784595e-01
8.404553048419409755e-01 6.201360147895701447e-01 9.624542995666065526e-01
8.419309248790204370e-01 6.300293989276157802e-01 9.591616033939481811e-01
8.433191825246409978e-01 6.398695055826675304e-01 9.557815057889134103e-01
8.446245698867206331e-01 6.496551221430368894e-01 9.523193838467571837e-01
8.458513625339968423e-01 6.593852760626774945e-01 9.487803934585099519e-01
8.470036257002613311e-01 6.690592119825964357e-01 9.451694700758632717e-01
8.480852209447223844e-01 6.786763705113139089e-01 9.414913305626977369e-01
8.490998131446866326e-01 6.882363686026915506e-01 9.377504759789824229e-01
8.500508777143128691e-01 6.977389814597605433e-01 9.339511951559062997e-01
8.509417079586215626e-01 7.071841258869822067e-01 9.300975689338940589e-01
8.517754224859991341e-01 7.165718450095985848e-01 9.261934749475713158e-01
8.525549726145482676e-01 7.259022942772654918e-01 9.222425928535310513e-01
8.532831497186434966e-01 7.351757286690882021e-01 9.182484099079079032e-01
8.539625924714522309e-01 7.443924910185195642e-01 9.142142268111973502e-01
8.545957939475085086e-01 7.535530013787853365e-01 9.101431637474449721e-01
8.551851085566229971e-01 7.626577473523815653e-01 9.060381665538670415e-01
8.557327587866103702e-01 7.717072753115782335e-01 9.019020129651532658e-01
8.562408417376980996e-01 7.807021824405320221e-01 8.977373188841518692e-01
8.567113354360225141e-01 7.896431095334861539e-01 8.935465446374161180e-01
8.571461049175007618e-01 7.985307344874787994e-01 8.893320011801709724e-01
8.575469080766748853e-01 8.073657664319239258e-01 8.850958562207336122e-01
8.579154012778921201e-01 8.161489404412998194e-01 8.808401402393150059e-01
8.582531447284057480e-01 8.248810127809987902e-01 8.765667523804566708e-01
8.585616076150296427e-01 8.335627566399601562e-01 8.722774662022320102e-01
8.588421730073563243e-01 8.421949583072722012e-01 8.679739352686746123e-01
8.590961425319532108e-01 8.507784137531537727e-01 8.636576985749492286e-01
8.593247408228733564e-01 8.593139255778867724e-01 8.593301857972862612e-01
8.593302040997603530e-01 8.593135264809564910e-01 8.593134607622803234e-01
8.633988931356415542e-01 8.504540292963023163e-01 8.504436150911532932e-01
8.674340084889855529e-01 8.415263808420374581e-01 8.415057279199978924e-01
8.714353611457006377e-01 8.325285999756740773e-01 8.324976476604925013e-01
8.754026421451858164e-01 8.234586461776839394e-01 8.234171409713522127e-01
8.793354149047568624e-01 8.143144192695626060e-01 8.142618901106550844e-01
8.832331069042195226e-01 8.050937593933497061e-01 8.050294903213989217e-01
8.870950007023152839e-01 7.957944472957833026e-01 7.957174472743505644e-01
8.909202242570752883e-01 7.864142049654788691e-01 7.863231745963596975e-01
8.947077405232444214e-01 7.769506966771456691e-01 7.768439915170849419e-01
8.984563363014663739e-01 7.674015305030018608e-01 7.672771206724390280e-01
9.021646103165812391e-01 7.577642603581405956e-01 7.576196861091453183e-01
9.058309605055970826e-01 7.480363886538357043e-01 7.478687115417136377e-01
9.094535705006571158e-01 7.382153696403094267e-01 7.380211189208921718e-01
9.130303952979810234e-01 7.282986135287308205e-01 7.280737273814253951e-01
9.165591461113130611e-01 7.182834914906642831e-01 7.180232526467623666e-01
9.200372744174315498e-01 7.081673416422175071e-01 7.078663069793863505e-01
9.234619552125120645e-01 6.979474761292914220e-01 6.975993997777265587e-01
9.268300695116096222e-01 6.876211894397303848e-01 6.872189389343285049e-01
9.301381861396075257e-01 6.771857680774978627e-01 6.767212330851615221e-01
9.333825428810450520e-01 6.666385017430828119e-01 6.661024948967980697e-01
9.365590270785810745e-01 6.559766961728847878e-01 6.553588455567515014e-01
9.396631557957647596e-01 6.451976877979297420e-01 6.444863206526412203e-01
9.426900556897337413e-01 6.342988603885408860e-01 6.334808776481476444e-01
9.456344427736684821e-01 6.232776638558590321e-01 6.223384051879380374e-01
9.484906022875146947e-01 6.121316353828752943e-01 6.110547344899636135e-01
9.512523689390663950e-01 6.008584230558735584e-01 5.996256531117049038e-01
9.539131078258068497e-01 5.894558121611374046e-01 5.880469214070572770e-01
9.564656964011363227e-01 5.779217543001916590e-01 5.763142920224164634e-01
9.589025079064357193e-01 5.662543994585150786e-01 5.644235328141116170e-01
9.612153967523708875e-01 5.544521311360469662e-01 5.523704536042144397e-01
9.633956863982806595e-01 5.425136046113222532e-01 5.401509372278218146e-01
9.654341603460705468e-01 5.304377883628194068e-01 5.277609753616357979e-01
9.673210569334534936e-01 5.182240086090673659e-01 5.151967096607165120e-01
9.690460686782290667e-01 5.058719968511321552e-01 5.024544787671982871e-01
9.705983469881405146e-01 4.933819402048634228e-01 4.895308717910957230e-01
9.719665131061152596e-01 4.807545341934654770e-01 4.764227888988024628e-01
9.731386762045487471e-01 4.679910375309108139e-01 4.631275096792989432e-01
9.741024595698188904e-01 4.550933282610292174e-01 4.496427699916498710e-01
9.748450358243517799e-01 4.420639604230028330e-01 4.359668480306970184e-01
9.753531721122844500e-01 4.289062201887309245e-01 4.220986603821539895e-01
9.756132861204263040e-01 4.156241801577279515e-01 4.080378688756483574e-01
9.756115137129887094e-01 4.022227501968025365e-01 3.937849990874577322e-01
9.753337888215912743e-01 3.887077228689228003e-01 3.793415713973894987e-01
9.747659360483108548e-01 3.750858110995748951e-01 3.647102455703320478e-01
9.738937762082573446e-01 3.613646752658610239e-01 3.498949799155817164e-01
9.727032447627877998e-01 3.475529363412927508e-01 3.349012061761322823e-01
9.711805227837213561e-01 3.336601710519735975e-01 3.197360214085339103e-01
9.693121797583382770e-01 3.196968841410132711e-01 3.044083982102364083e-01
9.670853272189176009e-01 3.056744517074989620e-01 2.889294146877755542e-01
9.644877818933546010e-01 2.916050280437487152e-01 2.733125054428803269e-01
9.615082368701307614e-01 2.775014062212984300e-01 2.575737344170029863e-01
9.581364392067940328e-01 2.633768195335484674e-01 2.417320893916802271e-01
9.543633725478137819e-01 2.492446662664479506e-01 2.258097958242512859e-01
9.501814437146622883e-01 2.351181333197075451e-01 2.098326437677070500e-01
9.455846729283943208e-01 2.210096836471114878e-01 1.938303147558204376e-01
9.405688883144149859e-01 2.069303562390829854e-01 1.778366840674357463e-01
9.351319265199617980e-01 1.928888019566378509e-01 1.618900552992918462e-01
9.292738424025577260e-01 1.788899378896549319e-01 1.460332551120254174e-01
9.229971313990626980e-01 1.649330359311797500e-01 1.303134707211175691e-01
9.163069678068351820e-01 1.510089462054216292e-01 1.147816408318905607e-01
9.092114603701063613e-01 1.370959475831719787e-01 9.949108979217313742e-02
9.017219235825608692e-01 1.231533148972754205e-01 8.449486961967969667e-02
8.938804169111053133e-01 1.090100054416773684e-01 6.964798903474261893e-02
8.840563599587596411e-01 1.018362809989079298e-01 6.185634012140032306e-02
8.723249317518257939e-01 1.023978287042432711e-01 6.218027926952402612e-02
8.605558123690051353e-01 1.028780975584335650e-01 6.246210218722958452e-02
8.487482417162672821e-01 1.032788942931856940e-01 6.270231483381993876e-02
8.369014317754811527e-01 1.036018419026324411e-01 6.290135531845700290e-02
8.250145651026754567e-01 1.038483946031857619e-01 6.305959713157867352e-02
8.130867932193126535e-01 1.040198507432340130e-01 6.317735187019464516e-02
8.011172348870296833e-01 1.041173639419840369e-01 6.325487150109115886e-02
7.891049742552775914e-01 1.041419526875479867e-01 6.329235019764731240e-02
7.770490588701262080e-01 1.040945085841469275e-01 6.328992577874416325e-02
7.649484975311956481e-01 1.039758034051804225e-01 6.324768077173231751e-02
7.528022579821975757e-01 1.037864950813434106e-01 6.316564311558883760e-02
7.406092644188839724e-01 1.035271327298216693e-01 6.304378651495706753e-02
7.283683947962960037e-01 1.031981608109531073e-01 6.288203045062458474e-02
7.160784779150408674e-01 1.027999224817610774e-01 6.268023984702904283e-02
7.037382902638178450e-01 1.023326622010098663e-01 6.243822439243429390e-02
6.913465525926122401e-01 1.017965276271556307e-01 6.215573750237155665e-02
6.789019261876757527e-01 1.011915708386647433e-01 6.183247491169444748e-02
6.664030088156857046e-01 1.005177488949268033e-01 6.146807287496051236e-02
6.538483303001397795e-01 9.977492374534287223e-02 6.106210594873074521e-02
6.412363476880349467e-01 9.896286148365247837e-02 6.061408432258517942e-02
6.285654399590490105e-01 9.808123093397165537e-02 6.012345065794797577e-02
6.158339022227006243e-01 9.712960154390100354e-02 5.958957638506667820e-02
6.030399393410097453e-01 9.610744054830723526e-02 5.901175739831313050e-02
5.901816589049386774e-01 9.501410935432803850e-02 5.838920907810929428e-02
5.772570634819510493e-01 9.384885908366787099e-02 5.772106055377949213e-02
5.642640420391267231e-01 9.261082519164093307e-02 5.700634810500266464e-02
5.512003604309706484e-01 9.129902106309184528e-02 5.624400757961243308e-02
5.380636508228227033e-01 8.991233046261866424e-02 5.543286568153028837e-02
5.248513998989428053e-01 8.844949868939852577e-02 5.457162995351672041e-02
5.115609356781207762e-01 8.690912225420946435e-02 5.365887724397490344e-02
4.981894127279370421e-01 8.528963685642118597e-02 5.269304040351460022e-02
4.847337955302594148e-01 8.358930338978895480e-02 5.167239290325741086e-02
4.711908397034694218e-01 8.180619164521697739e-02 5.059503100014029614e-02
4.575570707289627337e-01 7.993816130282595245e-02 4.945885299103344040e-02
4.438287597577721955e-01 7.798283971008064530e-02 4.826153499251525231e-02
4.300018959837453858e-01 7.593759582118016216e-02 4.700050255010154027e-02
4.160721549573821454e-01 7.379950951706748530e-02 4.567289721089527743e-02
4.020348620721495569e-01 7.156533532359371508e-02 4.427553697512857933e-02
3.878849502732393262e-01 6.923145928157475870e-02 4.280486925860710334e-02
3.736169108039913422e-01 6.679384737403082362e-02 4.125691462706219254e-02
3.592247354990546482e-01 6.424798345031235147e-02 3.962719907310229689e-02
3.447018487292657363e-01 6.158879395734946638e-02 3.791067195176327925e-02
3.300410265630539519e-01 5.881055592569479906e-02 3.610160580651872869e-02
3.152342999768311671e-01 5.590678345878426908e-02 3.418661605248594221e-02
3.002728379380563695e-01 5.287008627988247500e-02 3.219229410635876532e-02
2.851468047708209386e-01 4.969199145511551952e-02 3.015959667259457064e-02
2.698451841929213613e-01 4.636271583781524652e-02 2.809122875884786930e-02
2.543555594608521431e-01 4.287087141919870142e-02 2.599038902351182012e-02
2.386638346374196362e-01 3.920307752161112519e-02 2.386090551045917316e-02
2.227538751868686495e-01 3.534344069844189834e-02 2.170741897132900597e-02
2.066070352761786300e-01 3.131821467694941019e-02 1.953563376576574612e-02
1.902015213142256855e-01 2.735500498983144124e-02 1.735266623976639694e-02
1.735115105902213239e-01 2.348725195857794337e-02 1.516753618388075320e-02
1.565058885711815562e-01 1.973860985443411098e-02 1.299187247970746278e-02
1.391463629599342111e-01 1.613688057274658555e-02 1.084094670063350148e-02
1.213844977699472388e-01 1.271539513709473920e-02 8.735222286079912316e-03
1.031567368198476192e-01 9.515085567889837101e-03 6.702740283596278839e-03
8.437533360786445003e-02 6.587724500333735043e-03 4.782916582453855883e-03
6.490992891959264377e-02 4.001261914907005071e-03 3.032842718625735311e-03
4.454416125578721658e-02 1.849246909883201905e-03 1.538328358997556990e-03
2.372904755433499768e-02 3.106520928552451060e-04 4.575848465590802439e-04
8.006361850778367928e-03 0.000000000000000000e+00 0.000000000000000000e+00
4.347434705990054632e-02 0.000000000000000000e+00 1.279257124878630013e-03
