5.115829511123395901e-03 5.712155873150256318e-04 1.764713441242637612e-02
8.685906886278113581e-03 1.629823561042474276e-03 2.700689987022273156e-02
1.309570075378948574e-02 3.069886924492609605e-03 3.756910463808416784e-02
1.832048669513057157e-02 4.868027094418740652e-03 4.795059030717731957e-02
2.424931779871010093e-02 6.994413477123770720e-03 5.813165751386237950e-02
3.081445305029198445e-02 9.437726588941685799e-03 6.821908424506492596e-02
3.790418492567123460e-02 1.219152640799870714e-02 7.821035098463882673e-02
4.485158150403849991e-02 1.524991366210670315e-02 8.810791498339994032e-02
5.155844951671216536e-02 1.860750432868457302e-02 9.791602868406433513e-02
5.805272038687040587e-02 2.225936411244868948e-02 1.076394665147089869e-01
6.435715677384441780e-02 2.620094171016574061e-02 1.172829966061399998e-01
7.049061538682654948e-02 3.042801081236303981e-02 1.268511646284108119e-01
7.652219208314922638e-02 3.490551633484785532e-02 1.363281404846651002e-01
8.256280751560453324e-02 3.939364722605097346e-02 1.456820893675077333e-01
8.861482570351562893e-02 4.371748770356388702e-02 1.549212924777664258e-01
9.468530661471324938e-02 4.789391107111674178e-02 1.640507869419190468e-01
1.007801367634292844e-01 5.192980904427645789e-02 1.730748535115387843e-01
1.069042285853710333e-01 5.583095357076196114e-02 1.819971358692678287e-01
1.130616763354917870e-01 5.960222526160392081e-02 1.908207372254478174e-01
1.192558800012700065e-01 6.324778450872128865e-02 1.995482993335655209e-01
1.254896453023762182e-01 6.677120213000976856e-02 2.081820677529573893e-01
1.317652655372558990e-01 7.017556074560654666e-02 2.167239462453749710e-01
1.380845894492001846e-01 7.346353453807968892e-02 2.251755425034455693e-01
1.444490781755361219e-01 7.663745274712739641e-02 2.335382069008129780e-01
1.508598535579143696e-01 7.969935071804729043e-02 2.418130655749726743e-01
1.573177395278004265e-01 8.265101128098874261e-02 2.500010488688492183e-01
1.638232978717331645e-01 8.549399851382738502e-02 2.581029159407897122e-01
1.703768593802264530e-01 8.822968542879951193e-02 2.661192761869404233e-01
1.769785511611455531e-01 9.085927675380778279e-02 2.740506079919868276e-01
1.836283207314117760e-01 9.338382770917222353e-02 2.818972752246504121e-01
1.903259573747288491e-01 9.580425948005093228e-02 2.896595418162286051e-01
1.970711111568643481e-01 9.812137193383189959e-02 2.973375846988200455e-01
2.038633099161709927e-01 1.003358540166719576e-01 3.049315053308843670e-01
2.107019744897356550e-01 1.024482921745022146e-01 3.124413399986145090e-01
2.175864323908660025e-01 1.044591770742539089e-01 3.198670690501042579e-01
2.245159301183411449e-01 1.063689088460162274e-01 3.272086251938148282e-01
2.314896442498786122e-01 1.081778010225970671e-01 3.344659009721547838e-01
2.385066914498061852e-01 1.098860833169370971e-01 3.416387555040558688e-01
2.455661375028006521e-01 1.114939033480025071e-01 3.487270205765641840e-01
2.526670054707250701e-01 1.130013274006382018e-01 3.557305061540044222e-01
2.598082830574186541e-01 1.144083402832176272e-01 3.626490053637987931e-01
2.669889292561505312e-01 1.157148443278408489e-01 3.694822990101295224e-01
2.742078803459550573e-01 1.169206575605533233e-01 3.762301596600442499e-01
2.814640552958566633e-01 1.180255110529330742e-01 3.828923553410655267e-01
2.887563606298696461e-01 1.190290454508533824e-01 3.894686528847068896e-01
2.960836948003406910e-01 1.199308066607883555e-01 3.959588209463505981e-01
3.034449521126270088e-01 1.207302406581205884e-01 4.023626327285794724e-01
3.108390262400690940e-01 1.214266873651127093e-01 4.086798684321963360e-01
3.182648133646772126e-01 1.220193735278655434e-01 4.149103174566965979e-01
3.257212149758172415e-01 1.225074045011712298e-01 4.210537803698537473e-01
3.332071403563598433e-01 1.228897548269173440e-01 4.271100706642224076e-01
3.407215087832689560e-01 1.231652574647443682e-01 4.330790163167814733e-01
3.482632514673205670e-01 1.233325915019806845e-01 4.389604611665395284e-01
3.558313132546069291e-01 1.233902681321284861e-01 4.447542661236891237e-01
3.634246541106245787e-01 1.233366146457224866e-01 4.504603102228204592e-01
3.710422504060443827e-01 1.231697561220794490e-01 4.560784915317408483e-01
3.786830960217291708e-01 1.228875944425877054e-01 4.616087279265775889e-01
3.863462032891407105e-01 1.224877841621496849e-01 4.670509577430843051e-01
3.940306037809930828e-01 1.219677046704770867e-01 4.724051403133677773e-01
4.017353489658168630e-01 1.213244279428567635e-01 4.776712563966203362e-01
4.094595107390013311e-01 1.205546810123691720e-01 4.828493085118803485e-01
4.172021818418936157e-01 1.196548020808122365e-01 4.879393211803045860e-01
4.249624761795804395e-01 1.186206889082185162e-01 4.929413410839751375e-01
4.327395290471486300e-01 1.174477377589397270e-01 4.978554371477994511e-01
4.405324972734274147e-01 1.161307707054318045e-01 5.026817005506710734e-01
4.483405592904757264e-01 1.146639484556900290e-01 5.074202446716553627e-01
4.561629151364242629e-01 1.130406650142640190e-01 5.120712049766487084e-01
4.639987863986561045e-01 1.112534193187533493e-01 5.166347388505697635e-01
4.718474161037243819e-01 1.092936573778524045e-01 5.211110253799037251e-01
4.797080685599091621e-01 1.071515761685050694e-01 5.255002650900582051e-01
4.875800291577881418e-01 1.048158773126541543e-01 5.298026796417675266e-01
4.954626041337704123e-01 1.022734538514490643e-01 5.340185114905035002e-01
5.033551203011261688e-01 9.950898646664271818e-02 5.381480235126064882e-01
5.112569247526351779e-01 9.650441494376640894e-02 5.421914986016248550e-01
5.191673845386539643e-01 9.323823428304373051e-02 5.461492392381360750e-01
5.270858863240543979e-01 8.968453869913196874e-02 5.500215670361082720e-01
5.350118360271775009e-01 8.581169363082399859e-02 5.538088222686785578e-01
5.429446584436840029e-01 8.158044218083576604e-02 5.575113633760261367e-01
5.508837968579143318e-01 7.694112098081641593e-02 5.611295664578553888e-01
5.588287126441258135e-01 7.182941411498285078e-02 5.646638247528297239e-01
5.667788848597744567e-01 6.615958345038910893e-02 5.681145481071374626e-01
5.743745328197978894e-01 6.186987730114345413e-02 5.710182057989673376e-01
5.811045952671208825e-01 6.227203120271847941e-02 5.726959080885277720e-01
5.878346882895059133e-01 6.266873667894660993e-02 5.742548041584257801e-01
5.945647380135414828e-01 6.306002196134843918e-02 5.756948124134867451e-01
6.012946641522052271e-01 6.344590263275258490e-02 5.770158460397405431e-01
6.080243801378084623e-01 6.382638208884303110e-02 5.782178132388287040e-01
6.147537932516086157e-01 6.420145198008113396e-02 5.793006174613236636e-01
6.214828047504507014e-01 6.457109263368657204e-02 5.802641576393551270e-01
6.282113099908230858e-01 6.493527345518811111e-02 5.811083284189623166e-01
6.349391985506470659e-01 6.529395330917939222e-02 5.818330203925254906e-01
6.416663543491177846e-01 6.564708087889931099e-02 5.824381203315981415e-01
6.483926557648865829e-01 6.599459500423678071e-02 5.829235114204811552e-01
6.551179757528369230e-01 6.633642499786140956e-02 5.832890734907866248e-01
6.618421819597144484e-01 6.667249093912049063e-02 5.835346832572787523e-01
6.685651368388300098e-01 6.700270394543760000e-02 5.836602145552067800e-01
6.752866977640447077e-01 6.732696642090732486e-02 5.836655385793612094e-01
6.820067171432283581e-01 6.764517228189535769e-02 5.835505241250407149e-01
6.887250425313662383e-01 6.795720715937195178e-02 5.833150378310978379e-01
6.954415167434802036e-01 6.826294857781743664e-02 5.829589444252296637e-01
7.021559779674909629e-01 6.856226611057139597e-02 5.824821069716354938e-01
7.088682598771773868e-01 6.885502151139324956e-02 5.818843871211705210e-01
7.155781917453233332e-01 6.914106882222191552e-02 5.811656453640874354e-01
7.222855985571748905e-01 6.942025445695475250e-02 5.803257412854481156e-01
7.289903011242847564e-01 6.969241726121130909e-02 5.793645338232807918e-01
7.356921161988208002e-01 6.995738854801461515e-02 5.782818815295062143e-01
7.423908565884170807e-01 7.021499210927312218e-02 5.770776428336995556e-01
7.490863312715918543e-01 7.046504420313340344e-02 5.757516763096728329e-01
7.557783455137977446e-01 7.070735351700235816e-02 5.743038409448971704e-01
7.624667009841097354e-01 7.094172110633246986e-02 5.727339964127403649e-01
7.691511958725729681e-01 7.116794030900458479e-02 5.710420033474887802e-01
7.758316250082071264e-01 7.138579663531359476e-02 5.692277236221124914e-01
7.825077799776559706e-01 7.159506763337691870e-02 5.672910206287011814e-01
7.891794492444542675e-01 7.179552272992931194e-02 5.652317595615096169e-01
7.958464182688674837e-01 7.198692304630203986e-02 5.630498077024902459e-01
8.025084696282598351e-01 7.216902118935601684e-02 5.607450347092387544e-01
8.091653831379113093e-01 7.234156101717882648e-02 5.583173129051974826e-01
8.158169359722061698e-01 7.250427737916625981e-02 5.557665175719923578e-01
8.224629027860935748e-01 7.265689583008014263e-02 5.530925272437440254e-01
8.291030558367016301e-01 7.279913231765385018e-02 5.502952240031597775e-01
8.357371651049757544e-01 7.293069284308408007e-02 5.473744937792396348e-01
8.423649984171860394e-01 7.305127309372282107e-02 5.443302266463734274e-01
8.489863215661395124e-01 7.316055804712347232e-02 5.411623171245835140e-01
8.556008984319057875e-01 7.325822154539143871e-02 5.378706644806949821e-01
8.622084911018490505e-01 7.334392583868681870e-02 5.344551730301193571e-01
8.688088599897209052e-01 7.341732109646004201e-02 5.309157524389868099e-01
8.754017639535716100e-01 7.347804488479536822e-02 5.272523180262888021e-01
8.819869604121882700e-01 7.352572160795445289e-02 5.234647910656782255e-01
8.874789010577160964e-01 7.923058315004545549e-02 5.207284738962119075e-01
8.918661341734663850e-01 8.973466082232166297e-02 5.191994083730617771e-01
8.962215854861186326e-01 9.937724255706462118e-02 5.177486726843313347e-01
9.005039912081581610e-01 1.085614252504792931e-01 5.163472066292843499e-01
9.047075478318730157e-01 1.174058024218882501e-01 5.149921532675135749e-01
9.088302976310824732e-01 1.259806990507059410e-01 5.136834772477598676e-01
9.128703966065285780e-01 1.343389940246907388e-01 5.124212211139808071e-01
9.168261136528452759e-01 1.425213663303029621e-01 5.112055000513265890e-01
9.206958301755308050e-01 1.505596762641901454e-01 5.100364971445116025e-01
9.244780399971431750e-01 1.584792323540180625e-01 5.089144590266780899e-01
9.281713494278489573e-01 1.663003622672404869e-01 5.078396918271557148e-01
9.317744774019781628e-01 1.740395324678904454e-01 5.068125573488685420e-01
9.352862556025233198e-01 1.817101658695835509e-01 5.058334694229418282e-01
9.387056285112693743e-01 1.893232517512046797e-01 5.049028904009360552e-01
9.420316533348924715e-01 1.968878093133131779e-01 5.040213277552276772e-01
9.452634997676767625e-01 2.044112459154406314e-01 5.031893307659537351e-01
9.484004495601627838e-01 2.118996380858831075e-01 5.024074872793554691e-01
9.514418958703377838e-01 2.193579549369424342e-01 5.016764205274422128e-01
9.543873423803522771e-01 2.267902379648610300e-01 5.009967860030924980e-01
9.572364021672286061e-01 2.341997473565303745e-01 5.003692683880525127e-01
9.599887963209293718e-01 2.415890822443969299e-01 4.997945785340651148e-01
9.626443523073981989e-01 2.489602804566286298e-01 4.992734504994846834e-01
9.652030020780351105e-01 2.563149019501735904e-01 4.988066386454949597e-01
9.676647799303805808e-01 2.636540991253229493e-01 4.983949147973174010e-01
9.700298201277633980e-01 2.709786764914207668e-01 4.980390654767503644e-01
9.722983542882267516e-01 2.782891416098649540e-01 4.977398892130105446e-01
9.744707085552566372e-01 2.855857488308577996e-01 4.974981939391707186e-01
9.765473005647569149e-01 2.928685370283731215e-01 4.973147944815868859e-01
9.785286362242168190e-01 3.001373622982031475e-01 4.971905101495701640e-01
9.804153063213427721e-01 3.073919263980429140e-01 4.971261624322029227e-01
9.822079829803380679e-01 3.146318015634650411e-01 4.971225728087256268e-01
9.839074159847681633e-01 3.218564522192578492e-01 4.971805606782343512e-01
9.855144289863414508e-01 3.290652540150234562e-01 4.973009414136805306e-01
9.870299156191859602e-01 3.362575105415278598e-01 4.974845245442610642e-01
9.884548355391664654e-01 3.434324680261895968e-01 4.977321120693850021e-01
9.897902104075839702e-01 3.505893282591010518e-01 4.980444969063669292e-01
9.910371198382094127e-01 3.577272599627689398e-01 4.984224614729901859e-01
9.921966973260358813e-01 3.648454087875334650e-01 4.988667764050593312e-01
9.932701261754729449e-01 3.719429060889077876e-01 4.993781994080111475e-01
9.942586354448437191e-01 3.790188766218569039e-01 4.999574742407029149e-01
9.951634959231872024e-01 3.860724452693479747e-01 5.006053298285153552e-01
9.959860161543059309e-01 3.931027429077438851e-01 5.013224795020359004e-01
9.967275385219913630e-01 4.001089114991635554e-01 5.021096203567901872e-01
9.973894354091962233e-01 4.070901084904507417e-01 5.029674327287179114e-01
9.979731054428330195e-01 4.140455105894068066e-01 5.038965797795064150e-01
9.984799698346393804e-01 4.209743169813331964e-01 5.048977071852946974e-01
9.989114688274822740e-01 4.278757520422893368e-01 5.059714429218582499e-01
9.992690582552065104e-01 4.347490675998127996e-01 5.071183971390165190e-01
9.995542062230994285e-01 4.415935447868004626e-01 5.083391621167828722e-01
9.997683899148522846e-01 4.484084955299542097e-01 5.096343122956219496e-01
9.999130925308803430e-01 4.551932637102719115e-01 5.110044043731347685e-01
9.999898003618136189e-01 4.619472260297050603e-01 5.124499774595543400e-01
1.000000000000000000e+00 4.686697926149905880e-01 5.139715532845220425e-01
9.999451756909459865e-01 4.753604073869802105e-01 5.155696364478735694e-01
9.998268068257617491e-01 4.820185482212764327e-01 5.172447147073956364e-01
9.996463655748512034e-01 4.886437269237723924e-01 5.189972592968576937e-01
9.994053146624135575e-01 4.952354890426367007e-01 5.208277252680333369e-01
9.991051052805681731e-01 5.017934135364411352e-01 5.227365518508035880e-01
9.987471751413681265e-01 5.083171123164249572e-01 5.247241628259474711e-01
9.983329466644031980e-01 5.148062296793033399e-01 5.267909669056665134e-01
9.978638252971894218e-01 5.212604416456185774e-01 5.289373581174109384e-01
9.973411979651529702e-01 5.276794552172846542e-01 5.311637161870671475e-01
9.967664316476231301e-01 5.340630075667375243e-01 5.334704069180808972e-01
9.950892298037866679e-01 5.412076380888970473e-01 5.367136208572076406e-01
9.917783216173116090e-01 5.494672993544792439e-01 5.412678307540856881e-01
9.884711724365535801e-01 5.575851429679388183e-01 5.457826618204383307e-01
9.851732412288698448e-01 5.655633017774306381e-01 5.502628892496408408e-01
9.818895780813470253e-01 5.734040956463170025e-01 5.547131143252377328e-01
9.786248483678003929e-01 5.811099924136594597e-01 5.591377660927737692e-01
9.753833565041590825e-01 5.886835738866895706e-01 5.635411038614820400e-01
9.721690691092639280e-01 5.961275063093911530e-01 5.679272203874620173e-01
9.689856374296669239e-01 6.034445148041108764e-01 5.723000456081860365e-01
9.658364189224289964e-01 6.106373613324022065e-01 5.766633508146709053e-01
9.627244979200404451e-01 6.177088257668860161e-01 5.810207531626144783e-01
9.596527053267837060e-01 6.246616897079295683e-01 5.853757204371904388e-01
9.566236373167757989e-01 6.314987227173832762e-01 5.897315759981988093e-01
9.536396730212198802e-01 6.382226706766517266e-01 5.940915038429118722e-01
9.507029912062823218e-01 6.448362460081865644e-01 5.984585537333815264e-01
9.478155859542741757e-01 6.513421195282818044e-01 6.028356463432973378e-01
9.449792813695448990e-01 6.577429137250047075e-01 6.072255783867576140e-01
9.421957453373154268e-01 6.640411972784494576e-01 6.116310276977139360e-01
9.394665023687164274e-01 6.702394806614672129e-01 6.160545582343862625e-01
9.367929455689302243e-01 6.763402126777894319e-01 6.204986249877707527e-01
9.341763477678155514e-01 6.823457778112312910e-01 6.249655787775305615e-01
9.316178718538690173e-01 6.882584942746163836e-01 6.294576709221468835e-01
9.291185803530226384e-01 6.940806126604264215e-01 6.339770577732721790e-01
9.266794442939429999e-01 6.998143151069671219e-01 6.385258051068706253e-01
9.243013514009221776e-01 7.054617149044266622e-01 6.431058923659372928e-01
9.219851136546938219e-01 7.110248564745078603e-01 6.477192167515014587e-01
9.197314742603520665e-01 7.165057156655707526e-01 6.523675971601644585e-01
9.175411140601360538e-01 7.219062003125772398e-01 6.570527779677868274e-01
9.154146574274045767e-01 7.272281510175390151e-01 6.617764326599948621e-01
9.133526776763655208e-01 7.324733421119503651e-01 6.665401673110935565e-01
9.113557020205902415e-01 7.376434827676360273e-01 6.713455239136981723e-01
9.094242161114280965e-01 7.427402182269718933e-01 6.761939835619741324e-01
9.075586681858909266e-01 7.477651311272512924e-01 6.810869694918285644e-01
9.057594728517133209e-01 7.527197428974904403e-01 6.860258499817626365e-01
9.040270145357233167e-01 7.576055152089072875e-01 6.910119411183246463e-01
9.023616506199880760e-01 7.624238514630142793e-01 6.960465094303214251e-01
9.007637142886408821e-01 7.671760983035446069e-01 7.011307743960278893e-01
8.992335171067947774e-01 7.718635471405020931e-01 7.062659108277326014e-01
8.977713513515419574e-01 7.764874356763655783e-01 7.114530511379445477e-01
8.963774921136321572e-01 7.810489494260690613e-01 7.166932874915880047e-01
8.950521991871889238e-01 7.855492232237105688e-01 7.219876738484517498e-01
8.937957187635827694e-01 7.899893427101346566e-01 7.273372279000939189e-01
8.926082849444294531e-01 7.943703457965726189e-01 7.327429329052980167e-01
8.914901210876893245e-01 7.986932241003843469e-01 7.382057394280701068e-01
8.904414409997015722e-01 8.029589243497790019e-01 7.437265669820470881e-01
8.894624499852270549e-01 8.071683497550040665e-01 7.493063055850491816e-01
8.885533457665365509e-01 8.113223613441166160e-01 7.549458172273785239e-01
8.877143192819075823e-01 8.154217792619283811e-01 7.606459372573063371e-01
8.869455553730258845e-01 8.194673840311615942e-01 7.664074756870752347e-01
8.862472333701794103e-01 8.234599177752063293e-01 7.722312184225521570e-01
8.856195275834056746e-01 8.274000854022044438e-01 7.781179284195801626e-01
8.850626077071843678e-01 8.312885557504516854e-01 7.840683467698594811e-01
8.845766391457242639e-01 8.351259626953163595e-01 7.900831937191153953e-01
8.841617832653059228e-01 8.389129062181084340e-01 7.961631696201186825e-01
8.838181975797578804e-01 8.426499534374509714e-01 8.023089558230055429e-01
8.835460358745674814e-01 8.463376396038921889e-01 8.085212155052151628e-01
8.833454482748853698e-01 8.499764690585406290e-01 8.148005944432126224e-01
8.832165812620914602e-01 8.535669161566873386e-01 8.211477217280563901e-01
8.831595776434025824e-01 8.571094261573914963e-01 8.275632104267356404e-01
8.831745764786179675e-01 8.606044160800671028e-01 8.340476581910880594e-01
8.832617129677451384e-01 8.640522755292109336e-01 8.406016478159876737e-01
8.834211183029809789e-01 8.674533674884081780e-01 8.472257477483924326e-01
8.836529194883446792e-01 8.708080290847792782e-01 8.539205125487231429e-01
8.839572391298813336e-01 8.741165723250803321e-01 8.606864833059471032e-01
8.843341951991788852e-01 8.773792848046771953e-01 8.675241880076456358e-01
