4.347434705990054632e-02 0.000000000000000000e+00 1.279257124878630013e-03
5.715020937775786188e-03 0.000000000000000000e+00 9.964175139280689875e-03
1.640030420247405238e-02 4.498175657103132630e-04 2.551875375693679268e-02
3.099420277849744554e-02 2.688860151270445337e-03 4.497347150545199373e-02
4.702675414181430036e-02 6.153127697101815931e-03 6.470500706985121697e-02
6.192138473826385575e-02 1.067904863325867121e-02 8.405478040021661934e-02
7.618863114106359802e-02 1.606858066645144856e-02 1.028754399522731622e-01
8.995730365939924589e-02 2.224605953973498793e-02 1.212620817813158947e-01
1.033166850648463281e-01 2.914853272972296738e-02 1.392816708115607038e-01
1.163308296166168793e-01 3.665891980535597450e-02 1.569846246133909384e-01
1.290477792287163250e-01 4.401091178257574010e-02 1.744101541902931263e-01
1.415048010742674667e-01 5.106310212174230284e-02 1.915895607360599273e-01
1.537315780632090012e-01 5.785241188750067654e-02 2.085483660048690069e-01
1.657522606975938007e-01 6.440771854145527220e-02 2.253077457572471021e-01
1.775868453399727376e-01 7.075221071244551518e-02 2.418855282501449766e-01
1.892521335790978143e-01 7.690490575263841944e-02 2.582969105660518072e-01
2.007624201036008194e-01 8.288167208357447024e-02 2.745549856296469193e-01
2.121299984234041869e-01 8.869594319491828915e-02 2.906711384384169650e-01
2.233655407305066010e-01 9.435923141076835163e-02 3.066553496121492972e-01
2.344783885664754319e-01 9.988150699798523102e-02 3.225164317876864639e-01
2.454767788770939874e-01 1.052714839925796564e-01 3.382622163945847582e-01
2.563680223501043076e-01 1.105368397435731037e-01 3.538997031293033002e-01
2.671586459086467968e-01 1.156843863093220542e-01 3.694351809533591435e-01
2.778545078677177593e-01 1.207202061975395369e-01 3.848743270517088755e-01
2.884608919566993279e-01 1.256497612450739321e-01 4.002222885204226865e-01
2.989825848022159005e-01 1.304779809537827684e-01 4.154837503684301603e-01
3.094239403223916773e-01 1.352093348980498433e-01 4.306629925631586531e-01
3.197889336582980246e-01 1.398478926298937774e-01 4.457639382235712988e-01
3.300812066639288722e-01 1.443973736608854530e-01 4.607901945991045856e-01
3.403041065274517440e-01 1.488611894877030217e-01 4.757450881235254503e-01
3.504607187595419893e-01 1.532424791788491170e-01 4.906316945670838869e-01
3.605538955286893277e-01 1.575441397060142190e-01 5.054528651063212585e-01
3.705862801269899642e-01 1.617688519522159918e-01 5.202112489727013234e-01
3.805603281978257035e-01 1.659191031375586711e-01 5.349093132174713716e-01
3.904783262379317166e-01 1.699972062564570063e-01 5.495493600325273009e-01
4.003424077927000835e-01 1.740053170060137655e-01 5.641335419894647485e-01
4.101545676891658609e-01 1.779454485959210130e-01 5.786638754968332909e-01
4.199166745916664278e-01 1.818194847596789343e-01 5.931422527255575394e-01
4.296304821172381994e-01 1.856291912308391245e-01 6.075704522118069439e-01
4.392976387090597457e-01 1.893762259029564687e-01 6.219501483134853848e-01
4.489196964345669727e-01 1.930621478557036086e-01 6.362829196692435518e-01
4.584981188489985482e-01 1.966884254000894061e-01 6.505702567865104813e-01
4.680342880437081687e-01 2.002564432717072462e-01 6.648135688663799892e-01
4.775295109809442606e-01 2.037675090811277290e-01 6.790141899577081253e-01
4.869850252020313519e-01 2.072228591142605270e-01 6.931733845197607380e-01
4.964020039835979059e-01 2.106236635619410102e-01 7.072923524618723867e-01
5.057815610061496825e-01 2.139710312467126285e-01 7.213722337193341216e-01
5.151247545906011416e-01 2.172660139052861039e-01 7.354141124169434329e-01
5.244325915509684410e-01 2.205096100772127310e-01 7.494190206650068742e-01
5.337060307051934016e-01 2.237027686435609508e-01 7.633879420269247262e-01
5.429459860807104299e-01 2.268463920536900047e-01 7.773218146926249572e-01
5.521533298468042084e-01 2.299413392733418715e-01 7.912215343879656082e-01
5.613288950018998635e-01 2.329884284831107433e-01 8.050879570466173973e-01
5.704734778405214923e-01 2.359884395528169532e-01 8.189219012678425891e-01
5.795878402217697900e-01 2.389421163142133042e-01 8.327241505808844479e-01
5.886727116586216724e-01 2.418501686518280402e-01 8.464954555343645604e-01
5.977287912451864083e-01 2.447132744294539808e-01 8.602365356270187391e-01
6.067567494371095549e-01 2.475320812678084015e-01 8.739480810943429656e-01
6.157572296986894012e-01 2.503072081871501320e-01 8.876307545641461960e-01
6.247308500287741539e-01 2.530392471271480925e-01 9.012851925926501639e-01
6.336782043762589911e-01 2.557287643549448486e-01 9.149120070915588432e-01
6.425998639548406999e-01 2.583763017712505383e-01 9.285117866554526422e-01
6.514963784657509249e-01 2.609823781232067375e-01 9.420850977979580154e-01
6.603682772362438058e-01 2.635474901319481700e-01 9.556324861042542196e-01
6.691850902623723840e-01 2.683535859603024543e-01 9.644627374285339450e-01
6.779261664248567021e-01 2.753889054076344434e-01 9.685362280641778288e-01
6.864559337318933974e-01 2.826229443497761395e-01 9.723978851035528503e-01
6.947446466095903439e-01 2.900950717556770586e-01 9.760207322619844916e-01
7.027842519695443047e-01 2.978074635572772744e-01 9.793979215768623403e-01
7.105684843765367464e-01 3.057586699229467575e-01 9.825240079517409963e-01
7.180927376584745891e-01 3.139441283727743004e-01 9.853948355427999406e-01
7.253539496707805956e-01 3.223566427656945343e-01 9.880074478385346692e-01
7.323504924879138400e-01 3.309868343303571381e-01 9.903600116375146367e-01
7.390820639960158367e-01 3.398235650447097855e-01 9.924517487434763030e-01
7.455495790971993220e-01 3.488543311365899791e-01 9.942828714542554236e-01
7.517550601102249708e-01 3.580656238296654470e-01 9.958545194078786134e-01
7.577015267830559120e-01 3.674432548480506822e-01 9.971686963670006731e-01
7.633928868033464932e-01 3.769726450938911677e-01 9.982282062352565433e-01
7.688338279177402423e-01 3.866390759943102995e-01 9.990365880999764192e-01
7.740297128267671356e-01 3.964279040739085991e-01 9.995980504423785939e-01
7.789864779641032522e-01 4.063247402303698519e-01 9.999174048866749098e-01
7.837105371380016505e-01 4.163155959176760290e-01 1.000000000000000000e+00
7.882086908394402291e-01 4.263869989588253695e-01 9.998516557262084881e-01
7.924880418293742679e-01 4.365260820281106069e-01 9.994785990545020926e-01
7.965559174233701745e-01 4.467206469869497987e-01 9.988874015021896868e-01
8.004197987078897070e-01 4.569592082588553872e-01 9.980849189408917965e-01
8.040872567564042450e-01 4.672310183214400392e-01 9.970782342266959475e-01
8.075658957700652119e-01 4.775260782074583488e-01 9.958746030149776551e-01
8.108633029487023469e-01 4.878351356700885155e-01 9.944814030561008877e-01
8.139870048036551564e-01 4.981496734023192485e-01 9.929060871839350266e-01
8.169444295531405054e-01 5.084618894242813880e-01 9.911561401287005690e-01
8.197428751912894107e-01 5.187646714788290980e-01 9.892390392117240694e-01
8.223894827911362171e-01 5.290515670140956139e-01 9.871622189138468118e-01
8.248912145868360080e-01 5.393167500882929399e-01 9.849330392524340283e-01
8.272548363783518433e-01 5.495549863103580401e-01 9.825587578544492384e-01
8.294869038102451464e-01 5.597615967318222419e-01 9.800465055747721310e-01
8.315937520923691872e-01 5.699324214308526537e-01 9.774032654793027852e-01
8.335814887523590455e-01 5.800637833779010988e-01 9.746358549907647717e-01
8.354559890357373675e-01 5.901524530425350523e-01 9.717509109806101719e-01
8.372228935977999997e-01 6.001956140909847637e-01 9.687548775820877811e-01
8.388876081610835422e-01 6.101908304316722154e-01 9.656539964965784595e-01
8.404553048419409755e-01 6.201360147895701447e-01 9.624542995666065526e-01
8.419309248790204370e-01 6.300293989276157802e-01 9.591616033939481811e-01
8.433191825246409978e-01 6.398695055826675304e-01 9.557815057889134103e-01
8.446245698867206331e-01 6.496551221430368894e-01 9.523193838467571837e-01
8.458513625339968423e-01 6.593852760626774945e-01 9.487803934585099519e-01
8.470036257002613311e-01 6.690592119825964357e-01 9.451694700758632717e-01
8.480852209447223844e-01 6.786763705113139089e-01 9.414913305626977369e-01
8.490998131446866326e-01 6.882363686026915506e-01 9.377504759789824229e-01
8.500508777143128691e-01 6.977389814597605433e-01 9.339511951559062997e-01
8.509417079586215626e-01 7.071841258869822067e-01 9.300975689338940589e-01
8.517754224859991341e-01 7.165718450095985848e-01 9.261934749475713158e-01
8.525549726145482676e-01 7.259022942772654918e-01 9.222425928535310513e-01
8.532831497186434966e-01 7.351757286690882021e-01 9.182484099079079032e-01
8.539625924714522309e-01 7.443924910185195642e-01 9.142142268111973502e-01
8.545957939475085086e-01 7.535530013787853365e-01 9.101431637474449721e-01
8.551851085566229971e-01 7.626577473523815653e-01 9.060381665538670415e-01
8.557327587866103702e-01 7.717072753115782335e-01 9.019020129651532658e-01
8.562408417376980996e-01 7.807021824405320221e-01 8.977373188841518692e-01
8.567113354360225141e-01 7.896431095334861539e-01 8.935465446374161180e-01
8.571461049175007618e-01 7.985307344874787994e-01 8.893320011801709724e-01
8.575469080766748853e-01 8.073657664319239258e-01 8.850958562207336122e-01
8.579154012778921201e-01 8.161489404412998194e-01 8.808401402393150059e-01
8.582531447284057480e-01 8.248810127809987902e-01 8.765667523804566708e-01
8.585616076150296427e-01 8.335627566399601562e-01 8.722774662022320102e-01
8.588421730073563243e-01 8.421949583072722012e-01 8.679739352686746123e-01
8.590961425319532108e-01 8.507784137531537727e-01 8.636576985749492286e-01
8.593247408228733564e-01 8.593139255778867724e-01 8.593301857972862612e-01
8.593247858473942458e-01 8.593162124764109899e-01 8.593081236848609805e-01
8.591305391397919822e-01 8.525916049341794034e-01 8.462554966315185556e-01
8.589091465606313314e-01 8.458397315017481821e-01 8.331752047752115642e-01
8.586600577945905366e-01 8.390601918008784299e-01 8.200669983135004948e-01
8.583827010620579401e-01 8.322525783145127143e-01 8.069306316491430264e-01
8.580764823595020685e-01 8.254164762948643652e-01 7.937658638969231628e-01
8.577407846740268127e-01 8.185514636741432204e-01 7.805724594050218457e-01
8.573749671714342435e-01 8.116571109783005111e-01 7.673501882876573310e-01
8.569783643573237741e-01 8.047329812441088581e-01 7.540988269647347364e-01
8.565502852105829623e-01 7.977786299399876047e-01 7.408181587030554516e-01
8.560900122888032149e-01 7.907936048909530724e-01 7.275079741521808252e-01
8.555968008051212381e-01 7.837774462080776550e-01 7.141680718662853922e-01
8.550698776759984021e-01 7.767296862229059462e-01 7.007982588011909542e-01
8.545084405395952931e-01 7.696498494272018265e-01 6.873983507731751263e-01
8.539116567443357786e-01 7.625374524184810321e-01 6.739681728629901558e-01
8.532786623074122279e-01 7.553920038517192292e-01 6.605075597446747881e-01
8.526085608430185037e-01 7.482130043976484846e-01 6.470163559140552634e-01
8.519004224601953723e-01 7.409999467080182756e-01 6.334944157861054359e-01
8.511532826302763421e-01 7.337523153881810867e-01 6.199416036233348359e-01
8.503661410240628271e-01 7.264695869772918035e-01 6.063577932487802524e-01
8.495379603189532336e-01 7.191512299363882477e-01 5.927428674866186409e-01
8.486676649765019231e-01 7.117967046444965140e-01 5.790967172604218893e-01
8.477541399909668263e-01 7.044054634028376061e-01 5.654192402629583114e-01
8.467962296097488739e-01 6.969769504470518795e-01 5.517103390915120142e-01
8.457927360267940564e-01 6.895106019672131437e-01 5.379699187178300646e-01
8.447424180504214952e-01 6.820058461351696799e-01 5.241978831307293474e-01
8.436439897473718696e-01 6.744621031385095167e-01 5.103941309504306245e-01
8.424961190652928700e-01 6.668787852201367716e-01 4.965585497644665058e-01
8.412974264364769805e-01 6.592552967220161042e-01 4.826910088727084935e-01
8.400464833661970276e-01 6.515910341312323162e-01 4.687913500496244112e-01
8.387418110097989432e-01 6.438853861258809763e-01 4.548593758300930046e-01
8.373818787435997058e-01 6.361377336176559094e-01 4.408948346938796892e-01
8.359651027356866937e-01 6.283474497871687214e-01 4.268974023534920503e-01
8.344898445240978013e-01 6.205139001070284488e-01 4.128666581274106906e-01
8.329544096113736806e-01 6.126364423465787690e-01 3.988020550871660408e-01
8.313570460865209455e-01 6.047144265507524707e-01 3.847028822766670464e-01
8.296959432877198948e-01 5.967471949839150414e-01 3.705682167790621540e-01
8.279692305220588411e-01 5.887340820276257825e-01 3.563968626977167542e-01
8.261749758621586004e-01 5.806744140190193137e-01 3.421872731472443419e-01
8.243111850438951116e-01 5.725675090139357160e-01 3.279374500050879493e-01
8.223758004947667732e-01 5.644126764559781462e-01 3.136448142843267228e-01
8.203667005290554703e-01 5.562092167292889133e-01 2.993060372949744585e-01
8.182816987538005238e-01 5.479564205691382917e-01 2.849168188597909768e-01
8.161185437393790876e-01 5.396535683002148254e-01 2.704715930973652371e-01
8.138749190200416095e-01 5.312999288681002907e-01 2.559631336285765890e-01
8.115484435037398914e-01 5.228947586246980306e-01 2.413820167400949346e-01
8.091366723870051514e-01 5.144372998236699246e-01 2.267158800065180724e-01
8.066370986897796191e-01 5.059267787774165415e-01 2.119483796944721388e-01
8.040471555468676756e-01 4.973624036232684453e-01 1.970576928591531718e-01
8.013642194168315580e-01 4.887433616437154571e-01 1.820143098381737656e-01
7.985856143947903663e-01 4.800688160844405195e-01 1.667776799574857138e-01
7.957086178411943989e-01 4.713379024153638852e-01 1.512909213179549628e-01
7.927304675618092045e-01 4.625497239845822173e-01 1.354720836754186586e-01
7.896483707909613958e-01 4.537033470239054123e-01 1.191988519726456947e-01
7.864595152353776042e-01 4.447977949781615203e-01 1.022796536017089725e-01
7.831610824230864631e-01 4.358320421487686946e-01 8.439316700273946648e-02
7.797502635628792422e-01 4.268050066650255214e-01 6.494141761743568719e-02
7.762242780474821746e-01 4.177155428232880996e-01 4.259754817125235155e-02
7.725803946228905206e-01 4.085624328641150327e-01 1.663039107217767834e-02
7.688159550993449720e-01 3.993443782921056728e-01 0.000000000000000000e+00
7.649284003117734487e-01 3.900599908905196256e-01 0.000000000000000000e+00
7.609152978879010210e-01 3.807077836666964976e-01 0.000000000000000000e+00
7.567743713282298890e-01 3.712861621435129544e-01 0.000000000000000000e+00
7.525052598177190966e-01 3.617950477838743351e-01 0.000000000000000000e+00
7.453052208671601120e-01 3.548661769002627309e-01 0.000000000000000000e+00
7.352443910939471250e-01 3.505203964983372722e-01 0.000000000000000000e+00
7.251503136686390238e-01 3.461524175582778584e-01 0.000000000000000000e+00
7.150223174175213137e-01 3.417617425987501956e-01 0.000000000000000000e+00
7.048597064219935815e-01 3.373478550032825707e-01 0.000000000000000000e+00
6.946617586827018576e-01 3.329102179400870720e-01 0.000000000000000000e+00
6.844277246880591248e-01 3.284482732007589223e-01 0.000000000000000000e+00
6.741568258785872736e-01 3.239614399502060427e-01 0.000000000000000000e+00
6.638482529975704427e-01 3.194491133792750626e-01 0.000000000000000000e+00
6.535011643174821749e-01 3.149106632505461190e-01 0.000000000000000000e+00
6.431146837304279051e-01 3.103454323266598980e-01 0.000000000000000000e+00
6.326878986895454471e-01 3.057527346692265335e-01 0.000000000000000000e+00
6.222198579867456170e-01 3.011318537949168594e-01 0.000000000000000000e+00
6.117095693504707166e-01 2.964820406736425884e-01 0.000000000000000000e+00
6.011559968451613001e-01 2.918025115517947632e-01 0.000000000000000000e+00
5.905580580518644540e-01 2.870924455812985943e-01 0.000000000000000000e+00
5.799146210068382157e-01 2.823509822326469298e-01 0.000000000000000000e+00
5.692245008720406840e-01 2.775772184671143061e-01 0.000000000000000000e+00
5.584864563079440236e-01 2.727702056399021746e-01 0.000000000000000000e+00
5.476991855152164579e-01 2.679289461019000451e-01 0.000000000000000000e+00
5.368613219071838305e-01 2.630523894630830695e-01 0.000000000000000000e+00
5.259714293696908793e-01 2.581394284750126444e-01 0.000000000000000000e+00
5.150279970587943179e-01 2.531888944834105315e-01 0.000000000000000000e+00
5.040294336794386432e-01 2.481995523941114001e-01 0.000000000000000000e+00
4.929740611797865379e-01 2.431700950865697819e-01 0.000000000000000000e+00
4.818601077858282178e-01 2.380991371982749683e-01 0.000000000000000000e+00
4.706857002890492692e-01 2.329852081904594252e-01 0.000000000000000000e+00
4.594488554858661700e-01 2.278267445899002930e-01 9.738690861982038849e-04
4.481474706507365124e-01 2.226220812828657858e-01 2.192907719797552741e-03
4.367793129047700118e-01 2.173694417144448054e-01 3.313868767357591727e-03
4.253420073174586924e-01 2.120669268187748702e-01 4.337348225677821467e-03
4.138330235498980381e-01 2.067125024716556514e-01 5.263993327611288589e-03
4.022496608122871353e-01 2.013039852151358167e-01 6.094507828253111804e-03
3.905890308650337706e-01 1.958390259516890053e-01 6.829658052082365934e-03
3.788480387392503812e-01 1.903150912407629014e-01 7.470279845620235101e-03
3.670233607862833924e-01 1.847294417490078222e-01 8.017286614197241881e-03
3.551114195833472431e-01 1.790791073024102509e-01 8.471678664924766136e-03
3.431083551188169878e-01 1.733608578570700054e-01 8.834554134015387000e-03
3.310099915496895751e-01 1.675711695363132914e-01 9.107121849360444096e-03
3.188117986565831563e-01 1.617061846625233723e-01 9.290716574475619063e-03
3.065088469064965460e-01 1.557616644248828175e-01 9.386817205567244207e-03
2.940957547538112227e-01 1.497329324442803200e-01 9.397068660691905440e-03
2.815666264424921406e-01 1.436148069884601863e-01 9.323308424674790762e-03
2.689149780838579473e-01 1.374015189026221717e-01 9.167599018275929615e-03
2.561336491263915827e-01 1.310866113775558395e-01 8.932268077896775987e-03
2.432146954357617130e-01 1.246628163658415472e-01 8.619958311080217622e-03
2.301492589572761427e-01 1.181219006044570835e-01 8.233690404550311759e-03
2.169274071748783783e-01 1.114544715415388271e-01 7.776943112943684490e-03
2.035379330515791341e-01 1.046497295706346475e-01 7.253756411343686636e-03
1.899681024179604161e-01 9.769514715459046150e-02 6.668866006276247607e-03
1.762033301737271906e-01 9.057604651293305054e-02 6.027881065344156859e-03
1.622267579902228196e-01 8.327503354663159940e-02 5.337522378840480614e-03
1.480186923270133958e-01 7.577122299428433461e-02 4.605946334075928898e-03
1.335558385627130529e-01 6.803915176394326192e-02 3.843192752421427296e-03
1.188102272164673900e-01 6.004721088544449914e-02 3.061814617991321253e-03
1.037476558135102950e-01 5.175530454005791703e-02 2.277779709070426681e-03
8.832533027214459209e-02 4.311120738316331913e-02 1.511785866931722672e-03
7.248810063124797032e-02 3.403684692067581591e-02 7.912150131628495602e-04
5.615791764380486523e-02 2.518854142136885479e-02 1.524579524390140442e-04
3.953221787265911308e-02 1.726236152486994996e-02 0.000000000000000000e+00
2.380929771591719715e-02 1.035171803509594458e-02 0.000000000000000000e+00
1.213312493042349380e-02 4.814928654426775360e-03 0.000000000000000000e+00
3.971225993214790896e-03 1.237371472905188013e-03 0.000000000000000000e+00
4.347434705990054632e-02 0.000000000000000000e+00 1.279257124878630013e-03
