4.347434705990054632e-02 0.000000000000000000e+00 1.279257124878630013e-03
5.715020937775786188e-03 0.000000000000000000e+00 9.964175139280689875e-03
1.640030420247405238e-02 4.498175657103132630e-04 2.551875375693679268e-02
3.099420277849744554e-02 2.688860151270445337e-03 4.497347150545199373e-02
4.702675414181430036e-02 6.153127697101815931e-03 6.470500706985121697e-02
6.192138473826385575e-02 1.067904863325867121e-02 8.405478040021661934e-02
7.618863114106359802e-02 1.606858066645144856e-02 1.028754399522731622e-01
8.995730365939924589e-02 2.224605953973498793e-02 1.212620817813158947e-01
1.033166850648463281e-01 2.914853272972296738e-02 1.392816708115607038e-01
1.163308296166168793e-01 3.665891980535597450e-02 1.569846246133909384e-01
1.290477792287163250e-01 4.401091178257574010e-02 1.744101541902931263e-01
1.415048010742674667e-01 5.106310212174230284e-02 1.915895607360599273e-01
1.537315780632090012e-01 5.785241188750067654e-02 2.085483660048690069e-01
1.657522606975938007e-01 6.440771854145527220e-02 2.253077457572471021e-01
1.775868453399727376e-01 7.075221071244551518e-02 2.418855282501449766e-01
1.892521335790978143e-01 7.690490575263841944e-02 2.582969105660518072e-01
2.007624201036008194e-01 8.288167208357447024e-02 2.745549856296469193e-01
2.121299984234041869e-01 8.869594319491828915e-02 2.906711384384169650e-01
2.233655407305066010e-01 9.435923141076835163e-02 3.066553496121492972e-01
2.344783885664754319e-01 9.988150699798523102e-02 3.225164317876864639e-01
2.454767788770939874e-01 1.052714839925796564e-01 3.382622163945847582e-01
2.563680223501043076e-01 1.105368397435731037e-01 3.538997031293033002e-01
2.671586459086467968e-01 1.156843863093220542e-01 3.694351809533591435e-01
2.778545078677177593e-01 1.207202061975395369e-01 3.848743270517088755e-01
2.884608919566993279e-01 1.256497612450739321e-01 4.002222885204226865e-01
2.989825848022159005e-01 1.304779809537827684e-01 4.154837503684301603e-01
3.094239403223916773e-01 1.352093348980498433e-01 4.306629925631586531e-01
3.197889336582980246e-01 1.398478926298937774e-01 4.457639382235712988e-01
3.300812066639288722e-01 1.443973736608854530e-01 4.607901945991045856e-01
3.403041065274517440e-01 1.488611894877030217e-01 4.757450881235254503e-01
3.504607187595419893e-01 1.532424791788491170e-01 4.906316945670838869e-01
3.605538955286893277e-01 1.575441397060142190e-01 5.054528651063212585e-01
3.705862801269899642e-01 1.617688519522159918e-01 5.202112489727013234e-01
3.805603281978257035e-01 1.659191031375586711e-01 5.349093132174713716e-01
3.904783262379317166e-01 1.699972062564570063e-01 5.495493600325273009e-01
4.003424077927000835e-01 1.740053170060137655e-01 5.641335419894647485e-01
4.101545676891658609e-01 1.779454485959210130e-01 5.786638754968332909e-01
4.199166745916664278e-01 1.818194847596789343e-01 5.931422527255575394e-01
4.296304821172381994e-01 1.856291912308391245e-01 6.075704522118069439e-01
4.392976387090597457e-01 1.893762259029564687e-01 6.219501483134853848e-01
4.489196964345669727e-01 1.930621478557036086e-01 6.362829196692435518e-01
4.584981188489985482e-01 1.966884254000894061e-01 6.505702567865104813e-01
4.680342880437081687e-01 2.002564432717072462e-01 6.648135688663799892e-01
4.775295109809442606e-01 2.037675090811277290e-01 6.790141899577081253e-01
4.869850252020313519e-01 2.072228591142605270e-01 6.931733845197607380e-01
4.964020039835979059e-01 2.106236635619410102e-01 7.072923524618723867e-01
5.057815610061496825e-01 2.139710312467126285e-01 7.213722337193341216e-01
5.151247545906011416e-01 2.172660139052861039e-01 7.354141124169434329e-01
5.244325915509684410e-01 2.205096100772127310e-01 7.494190206650068742e-01
5.337060307051934016e-01 2.237027686435609508e-01 7.633879420269247262e-01
5.429459860807104299e-01 2.268463920536900047e-01 7.773218146926249572e-01
5.521533298468042084e-01 2.299413392733418715e-01 7.912215343879656082e-01
5.613288950018998635e-01 2.329884284831107433e-01 8.050879570466173973e-01
5.704734778405214923e-01 2.359884395528169532e-01 8.189219012678425891e-01
5.795878402217697900e-01 2.389421163142133042e-01 8.327241505808844479e-01
5.886727116586216724e-01 2.418501686518280402e-01 8.464954555343645604e-01
5.977287912451864083e-01 2.447132744294539808e-01 8.602365356270187391e-01
6.067567494371095549e-01 2.475320812678084015e-01 8.739480810943429656e-01
6.157572296986894012e-01 2.503072081871501320e-01 8.876307545641461960e-01
6.247308500287741539e-01 2.530392471271480925e-01 9.012851925926501639e-01
6.336782043762589911e-01 2.557287643549448486e-01 9.149120070915588432e-01
6.425998639548406999e-01 2.583763017712505383e-01 9.285117866554526422e-01
6.514963784657509249e-01 2.609823781232067375e-01 9.420850977979580154e-01
6.603682772362438058e-01 2.635474901319481700e-01 9.556324861042542196e-01
6.691850902623723840e-01 2.683535859603024543e-01 9.644627374285339450e-01
6.779261664248567021e-01 2.753889054076344434e-01 9.685362280641778288e-01
6.864559337318933974e-01 2.826229443497761395e-01 9.723978851035528503e-01
6.947446466095903439e-01 2.900950717556770586e-01 9.760207322619844916e-01
7.027842519695443047e-01 2.978074635572772744e-01 9.793979215768623403e-01
7.105684843765367464e-01 3.057586699229467575e-01 9.825240079517409963e-01
7.180927376584745891e-01 3.139441283727743004e-01 9.853948355427999406e-01
7.253539496707805956e-01 3.223566427656945343e-01 9.880074478385346692e-01
7.323504924879138400e-01 3.309868343303571381e-01 9.903600116375146367e-01
7.390820639960158367e-01 3.398235650447097855e-01 9.924517487434763030e-01
7.455495790971993220e-01 3.488543311365899791e-01 9.942828714542554236e-01
7.517550601102249708e-01 3.580656238296654470e-01 9.958545194078786134e-01
7.577015267830559120e-01 3.674432548480506822e-01 9.971686963670006731e-01
7.633928868033464932e-01 3.769726450938911677e-01 9.982282062352565433e-01
7.688338279177402423e-01 3.866390759943102995e-01 9.990365880999764192e-01
7.740297128267671356e-01 3.964279040739085991e-01 9.995980504423785939e-01
7.789864779641032522e-01 4.063247402303698519e-01 9.999174048866749098e-01
7.837105371380016505e-01 4.163155959176760290e-01 1.000000000000000000e+00
7.882086908394402291e-01 4.263869989588253695e-01 9.998516557262084881e-01
7.924880418293742679e-01 4.365260820281106069e-01 9.994785990545020926e-01
7.965559174233701745e-01 4.467206469869497987e-01 9.988874015021896868e-01
8.004197987078897070e-01 4.569592082588553872e-01 9.980849189408917965e-01
8.040872567564042450e-01 4.672310183214400392e-01 9.970782342266959475e-01
8.075658957700652119e-01 4.775260782074583488e-01 9.958746030149776551e-01
8.108633029487023469e-01 4.878351356700885155e-01 9.944814030561008877e-01
8.139870048036551564e-01 4.981496734023192485e-01 9.929060871839350266e-01
8.169444295531405054e-01 5.084618894242813880e-01 9.911561401287005690e-01
8.197428751912894107e-01 5.187646714788290980e-01 9.892390392117240694e-01
8.223894827911362171e-01 5.290515670140956139e-01 9.871622189138468118e-01
8.248912145868360080e-01 5.393167500882929399e-01 9.849330392524340283e-01
8.272548363783518433e-01 5.495549863103580401e-01 9.825587578544492384e-01
8.294869038102451464e-01 5.597615967318222419e-01 9.800465055747721310e-01
8.315937520923691872e-01 5.699324214308526537e-01 9.774032654793027852e-01
8.335814887523590455e-01 5.800637833779010988e-01 9.746358549907647717e-01
8.354559890357373675e-01 5.901524530425350523e-01 9.717509109806101719e-01
8.372228935977999997e-01 6.001956140909847637e-01 9.687548775820877811e-01
8.388876081610835422e-01 6.101908304316722154e-01 9.656539964965784595e-01
8.404553048419409755e-01 6.201360147895701447e-01 9.624542995666065526e-01
8.419309248790204370e-01 6.300293989276157802e-01 9.591616033939481811e-01
8.433191825246409978e-01 6.398695055826675304e-01 9.557815057889134103e-01
8.446245698867206331e-01 6.496551221430368894e-01 9.523193838467571837e-01
8.458513625339968423e-01 6.593852760626774945e-01 9.487803934585099519e-01
8.470036257002613311e-01 6.690592119825964357e-01 9.451694700758632717e-01
8.480852209447223844e-01 6.786763705113139089e-01 9.414913305626977369e-01
8.490998131446866326e-01 6.882363686026915506e-01 9.377504759789824229e-01
8.500508777143128691e-01 6.977389814597605433e-01 9.339511951559062997e-01
8.509417079586215626e-01 7.071841258869822067e-01 9.300975689338940589e-01
8.517754224859991341e-01 7.165718450095985848e-01 9.261934749475713158e-01
8.525549726145482676e-01 7.259022942772654918e-01 9.222425928535310513e-01
8.532831497186434966e-01 7.351757286690882021e-01 9.182484099079079032e-01
8.539625924714522309e-01 7.443924910185195642e-01 9.142142268111973502e-01
8.545957939475085086e-01 7.535530013787853365e-01 9.101431637474449721e-01
8.551851085566229971e-01 7.626577473523815653e-01 9.060381665538670415e-01
8.557327587866103702e-01 7.717072753115782335e-01 9.019020129651532658e-01
8.562408417376980996e-01 7.807021824405320221e-01 8.977373188841518692e-01
8.567113354360225141e-01 7.896431095334861539e-01 8.935465446374161180e-01
8.571461049175007618e-01 7.985307344874787994e-01 8.893320011801709724e-01
8.575469080766748853e-01 8.073657664319239258e-01 8.850958562207336122e-01
8.579154012778921201e-01 8.161489404412998194e-01 8.808401402393150059e-01
8.582531447284057480e-01 8.248810127809987902e-01 8.765667523804566708e-01
8.585616076150296427e-01 8.335627566399601562e-01 8.722774662022320102e-01
8.588421730073563243e-01 8.421949583072722012e-01 8.679739352686746123e-01
8.590961425319532108e-01 8.507784137531537727e-01 8.636576985749492286e-01
8.593247408228733564e-01 8.593139255778867724e-01 8.593301857972862612e-01
8.593211382632072182e-01 8.593180206786040776e-01 8.593045307483934137e-01
8.562556003601714538e-01 8.540199255122427058e-01 8.434347343309263056e-01
8.531646842150851784e-01 8.487001201212972523e-01 8.275615470199333412e-01
8.500481242184685371e-01 8.433583153533907861e-01 8.116855185005411588e-01
8.469056486790572658e-01 8.379942196900294071e-01 7.958072038637753476e-01
8.437369795448175225e-01 8.326075394179006661e-01 7.799271612244254026e-01
8.405418321114069835e-01 8.271979788142577172e-01 7.640459488999482573e-01
8.373199147177124990e-01 8.217652403470488975e-01 7.481641220800986369e-01
8.340709284281263569e-01 8.163090248904513180e-01 7.322822289047753452e-01
8.307945667014206004e-01 8.108290319564190884e-01 7.164008058530568768e-01
8.274905150459114234e-01 8.053249599429416206e-01 7.005203723289106232e-01
8.241584506608300442e-01 7.997965063996389512e-01 6.846414243080659601e-01
8.207980420637407404e-01 7.942433683113807596e-01 6.687644268851435925e-01
8.174089487040303581e-01 7.886652424005599071e-01 6.528898055292690072e-01
8.139908205625031590e-01 7.830618254486875207e-01 6.370179358188419183e-01
8.105432977372550862e-01 7.774328146379304583e-01 6.211491313800469038e-01
8.070660100161402006e-01 7.717779079132067732e-01 6.052836296970098839e-01
8.035585764362414007e-01 7.660968043654311499e-01 5.894215753913442102e-01
8.000206048310108953e-01 7.603892046364517654e-01 5.735630004815108762e-01
7.964516913658390429e-01 7.546548113462158147e-01 5.577078010231061311e-01
7.928514200632023057e-01 7.488933295425738157e-01 5.418557093934627256e-01
7.892193623186725127e-01 7.431044671741748875e-01 5.260062613092481021e-01
7.855550764095394767e-01 7.372879355867064666e-01 5.101587564425141830e-01
7.818581069981023202e-01 7.314434500427401398e-01 4.943122112131894674e-01
7.781279846321785820e-01 7.255707302652759649e-01 4.784653019626987080e-01
7.743642252459348452e-01 7.196695010049646291e-01 4.626162962242705290e-01
7.705663296647098370e-01 7.137394926308439080e-01 4.467629691582977736e-01
7.667337831183131946e-01 7.077804417442309370e-01 4.309025013557624129e-01
7.628660547679785298e-01 7.017920918152480425e-01 4.150313530424889485e-01
7.589625972533015075e-01 6.957741938411794447e-01 3.991451081146902835e-01
7.550228462663808315e-01 6.897265070256519692e-01 3.832382792127561055e-01
7.510462201618248734e-01 6.836487994773053911e-01 3.673040619089816827e-01
7.470321196126121777e-01 6.775408489262914058e-01 3.513340216036855979e-01
7.429799273234016788e-01 6.714024434566099320e-01 3.353176901961639200e-01
7.388890078147540841e-01 6.652333822518582407e-01 3.192420398988106700e-01
7.347587072936313524e-01 6.590334763515469652e-01 3.030907868371061076e-01
7.305883536277910650e-01 6.528025494146768581e-01 2.868434541661028514e-01
7.263772564439632262e-01 6.465404384867567966e-01 2.704740877896838480e-01
7.221247073722083520e-01 6.402469947659307214e-01 2.539494573009493661e-01
7.178299804613783586e-01 6.339220843633303071e-01 2.372264713401175951e-01
7.134923327930788872e-01 6.275655890522336966e-01 2.202483521681617984e-01
7.091110053239494393e-01 6.211774070000499748e-01 2.029387690146886303e-01
7.046852239880534441e-01 6.147574534766483412e-01 1.851924445416329723e-01
7.002142010926757365e-01 6.083056615320675542e-01 1.668592885612678600e-01
6.956971370414745115e-01 6.018219826362057878e-01 1.477157122573423131e-01
6.911332224184000284e-01 5.953063872727872852e-01 1.274078905654018323e-01
6.865216404636430569e-01 5.887588654796649390e-01 1.053246038470505852e-01
6.818615699688154175e-01 5.821794273273963594e-01 8.025311322351792731e-02
6.771521886118535560e-01 5.755681033281485615e-01 4.908218748979590457e-02
6.723926767427852447e-01 5.689249447671497206e-01 6.726404778053662360e-03
6.675822216187136116e-01 5.622500239494250263e-01 0.000000000000000000e+00
6.627200220705581346e-01 5.555434343552237975e-01 0.000000000000000000e+00
6.578052935650721134e-01 5.488052906986551349e-01 0.000000000000000000e+00
6.528372736044603108e-01 5.420357288856459954e-01 0.000000000000000000e+00
6.478152273837608499e-01 5.352349058697484230e-01 0.000000000000000000e+00
6.427384536052666020e-01 5.284029994080724491e-01 0.000000000000000000e+00
6.376062903328788556e-01 5.215402077253786794e-01 0.000000000000000000e+00
6.324181207616722533e-01 5.146467491035736641e-01 0.000000000000000000e+00
6.271733787850284347e-01 5.077228614283306740e-01 0.000000000000000000e+00
6.218715542711809041e-01 5.007688017477210929e-01 0.000000000000000000e+00
6.165121980239859356e-01 4.937848459348713193e-01 0.000000000000000000e+00
6.110949265162415323e-01 4.867712886072880774e-01 0.000000000000000000e+00
6.056194266784002966e-01 4.797284435573599959e-01 0.000000000000000000e+00
6.000865556692356328e-01 4.726573069940290805e-01 0.000000000000000000e+00
5.933452951387442331e-01 4.660875451931867919e-01 0.000000000000000000e+00
5.854151102307552090e-01 4.600173205132204735e-01 0.000000000000000000e+00
5.774572313174525240e-01 4.539229622188635238e-01 0.000000000000000000e+00
5.694710901985130524e-01 4.478039490911027154e-01 0.000000000000000000e+00
5.614560974154362283e-01 4.416597401268442802e-01 0.000000000000000000e+00
5.534116410851792622e-01 4.354897734400121623e-01 0.000000000000000000e+00
5.453370856488060081e-01 4.292934650815239950e-01 0.000000000000000000e+00
5.372317705273261801e-01 4.230702077706412489e-01 0.000000000000000000e+00
5.290950086761350146e-01 4.168193695292980450e-01 0.000000000000000000e+00
5.209260850284078703e-01 4.105402922101001884e-01 0.000000000000000000e+00
5.127242548167213476e-01 4.042322899075810327e-01 0.000000000000000000e+00
5.044887417609513758e-01 3.978946472410567758e-01 0.000000000000000000e+00
4.962187361090359961e-01 3.915266174960221890e-01 0.000000000000000000e+00
4.879133925155492713e-01 3.851274206094225105e-01 0.000000000000000000e+00
4.795718277412328034e-01 3.786962409822677844e-01 0.000000000000000000e+00
4.711931181544005143e-01 3.722322251009618777e-01 0.000000000000000000e+00
4.627762970127833886e-01 3.657344789462364520e-01 0.000000000000000000e+00
4.543203515014287985e-01 3.592020651657996666e-01 0.000000000000000000e+00
4.458242194991198226e-01 3.526339999834772754e-01 0.000000000000000000e+00
4.372867860418558905e-01 3.460292498138817785e-01 0.000000000000000000e+00
4.287068794476487366e-01 3.393867275471315614e-01 0.000000000000000000e+00
4.200832670615942677e-01 3.327052884630256058e-01 0.000000000000000000e+00
4.114146505742702908e-01 3.259837257279106781e-01 0.000000000000000000e+00
4.026996608593313987e-01 3.192207654203395029e-01 0.000000000000000000e+00
3.939368522678377005e-01 3.124150610230944092e-01 0.000000000000000000e+00
3.851246963069512308e-01 3.055651873090619031e-01 0.000000000000000000e+00
3.762615746188435750e-01 2.986696335364054655e-01 0.000000000000000000e+00
3.673457711616075483e-01 2.917267958540590844e-01 0.000000000000000000e+00
3.583754634770985881e-01 2.847349688012218993e-01 0.000000000000000000e+00
3.493487129103234334e-01 2.776923357635314726e-01 0.000000000000000000e+00
3.402634536203689719e-01 2.705969582231210202e-01 0.000000000000000000e+00
3.311174801929540057e-01 2.634467636085628395e-01 0.000000000000000000e+00
3.219084336279852687e-01 2.562395315124307849e-01 0.000000000000000000e+00
3.126337854304078734e-01 2.489728779968351513e-01 0.000000000000000000e+00
3.032908194766714138e-01 2.416442376483509402e-01 0.000000000000000000e+00
2.938766112594366486e-01 2.342508429699111383e-01 0.000000000000000000e+00
2.843880040255122865e-01 2.267897006040228702e-01 0.000000000000000000e+00
2.748215812111697853e-01 2.192575637631138663e-01 0.000000000000000000e+00
2.651736344375524856e-01 2.116509000907498550e-01 0.000000000000000000e+00
2.554401261469090301e-01 2.039658539806812887e-01 0.000000000000000000e+00
2.456166457240187562e-01 1.961982021236013396e-01 0.000000000000000000e+00
2.356983576370829947e-01 1.883433007121206315e-01 0.000000000000000000e+00
2.256799397211891600e-01 1.803960222814477432e-01 0.000000000000000000e+00
2.155555091756785890e-01 1.723506795512142753e-01 0.000000000000000000e+00
2.053185330969604372e-01 1.642009327959266518e-01 0.000000000000000000e+00
1.949617193349733324e-01 1.559396761077376792e-01 0.000000000000000000e+00
1.844768820155044675e-01 1.475588962730774722e-01 0.000000000000000000e+00
1.738547740126710206e-01 1.390494956268449323e-01 0.000000000000000000e+00
1.630848756719851800e-01 1.304010667963079184e-01 0.000000000000000000e+00
1.521551246668171875e-01 1.216016020841726025e-01 0.000000000000000000e+00
1.410515651769369549e-01 1.126371123289725690e-01 0.000000000000000000e+00
1.297578841637353764e-01 1.034911176210995265e-01 0.000000000000000000e+00
1.182547858247031819e-01 9.414395200678898901e-02 0.000000000000000000e+00
1.065191276234665751e-01 8.457179020909688649e-02 0.000000000000000000e+00
9.452269351290339128e-02 7.474524448890475237e-02 0.000000000000000000e+00
8.223039359460730668e-02 6.462726919010537696e-02 0.000000000000000000e+00
6.959751443921170788e-02 5.416989387167825409e-02 0.000000000000000000e+00
5.656530719609664803e-02 4.330884932597198894e-02 0.000000000000000000e+00
4.305345236987598301e-02 3.197419220455335886e-02 0.000000000000000000e+00
2.913733175168750980e-02 2.157011510112656974e-02 0.000000000000000000e+00
1.729718712505642908e-02 1.297684971626887444e-02 0.000000000000000000e+00
8.628918020511510203e-03 6.219873005351697279e-03 0.000000000000000000e+00
2.720439574469314409e-03 1.733023704127244127e-03 0.000000000000000000e+00
4.347434705990054632e-02 0.000000000000000000e+00 1.279257124878630013e-03
