4.347434705990054632e-02 0.000000000000000000e+00 1.279257124878630013e-03
5.715020937775786188e-03 0.000000000000000000e+00 9.964175139280689875e-03
1.640030420247405238e-02 4.498175657103132630e-04 2.551875375693679268e-02
3.099420277849744554e-02 2.688860151270445337e-03 4.497347150545199373e-02
4.702675414181430036e-02 6.153127697101815931e-03 6.470500706985121697e-02
6.192138473826385575e-02 1.067904863325867121e-02 8.405478040021661934e-02
7.618863114106359802e-02 1.606858066645144856e-02 1.028754399522731622e-01
8.995730365939924589e-02 2.224605953973498793e-02 1.212620817813158947e-01
1.033166850648463281e-01 2.914853272972296738e-02 1.392816708115607038e-01
1.163308296166168793e-01 3.665891980535597450e-02 1.569846246133909384e-01
1.290477792287163250e-01 4.401091178257574010e-02 1.744101541902931263e-01
1.415048010742674667e-01 5.106310212174230284e-02 1.915895607360599273e-01
1.537315780632090012e-01 5.785241188750067654e-02 2.085483660048690069e-01
1.657522606975938007e-01 6.440771854145527220e-02 2.253077457572471021e-01
1.775868453399727376e-01 7.075221071244551518e-02 2.418855282501449766e-01
1.892521335790978143e-01 7.690490575263841944e-02 2.582969105660518072e-01
2.007624201036008194e-01 8.288167208357447024e-02 2.745549856296469193e-01
2.121299984234041869e-01 8.869594319491828915e-02 2.906711384384169650e-01
2.233655407305066010e-01 9.435923141076835163e-02 3.066553496121492972e-01
2.344783885664754319e-01 9.988150699798523102e-02 3.225164317876864639e-01
2.454767788770939874e-01 1.052714839925796564e-01 3.382622163945847582e-01
2.563680223501043076e-01 1.105368397435731037e-01 3.538997031293033002e-01
2.671586459086467968e-01 1.156843863093220542e-01 3.694351809533591435e-01
2.778545078677177593e-01 1.207202061975395369e-01 3.848743270517088755e-01
2.884608919566993279e-01 1.256497612450739321e-01 4.002222885204226865e-01
2.989825848022159005e-01 1.304779809537827684e-01 4.154837503684301603e-01
3.094239403223916773e-01 1.352093348980498433e-01 4.306629925631586531e-01
3.197889336582980246e-01 1.398478926298937774e-01 4.457639382235712988e-01
3.300812066639288722e-01 1.443973736608854530e-01 4.607901945991045856e-01
3.403041065274517440e-01 1.488611894877030217e-01 4.757450881235254503e-01
3.504607187595419893e-01 1.532424791788491170e-01 4.906316945670838869e-01
3.605538955286893277e-01 1.575441397060142190e-01 5.054528651063212585e-01
3.705862801269899642e-01 1.617688519522159918e-01 5.202112489727013234e-01
3.805603281978257035e-01 1.659191031375586711e-01 5.349093132174713716e-01
3.904783262379317166e-01 1.699972062564570063e-01 5.495493600325273009e-01
4.003424077927000835e-01 1.740053170060137655e-01 5.641335419894647485e-01
4.101545676891658609e-01 1.779454485959210130e-01 5.786638754968332909e-01
4.199166745916664278e-01 1.818194847596789343e-01 5.931422527255575394e-01
4.296304821172381994e-01 1.856291912308391245e-01 6.075704522118069439e-01
4.392976387090597457e-01 1.893762259029564687e-01 6.219501483134853848e-01
4.489196964345669727e-01 1.930621478557036086e-01 6.362829196692435518e-01
4.584981188489985482e-01 1.966884254000894061e-01 6.505702567865104813e-01
4.680342880437081687e-01 2.002564432717072462e-01 6.648135688663799892e-01
4.775295109809442606e-01 2.037675090811277290e-01 6.790141899577081253e-01
4.869850252020313519e-01 2.072228591142605270e-01 6.931733845197607380e-01
4.964020039835979059e-01 2.106236635619410102e-01 7.072923524618723867e-01
5.057815610061496825e-01 2.139710312467126285e-01 7.213722337193341216e-01
5.151247545906011416e-01 2.172660139052861039e-01 7.354141124169434329e-01
5.244325915509684410e-01 2.205096100772127310e-01 7.494190206650068742e-01
5.337060307051934016e-01 2.237027686435609508e-01 7.633879420269247262e-01
5.429459860807104299e-01 2.268463920536900047e-01 7.773218146926249572e-01
5.521533298468042084e-01 2.299413392733418715e-01 7.912215343879656082e-01
5.613288950018998635e-01 2.329884284831107433e-01 8.050879570466173973e-01
5.704734778405214923e-01 2.359884395528169532e-01 8.189219012678425891e-01
5.795878402217697900e-01 2.389421163142133042e-01 8.327241505808844479e-01
5.886727116586216724e-01 2.418501686518280402e-01 8.464954555343645604e-01
5.977287912451864083e-01 2.447132744294539808e-01 8.602365356270187391e-01
6.067567494371095549e-01 2.475320812678084015e-01 8.739480810943429656e-01
6.157572296986894012e-01 2.503072081871501320e-01 8.876307545641461960e-01
6.247308500287741539e-01 2.530392471271480925e-01 9.012851925926501639e-01
6.336782043762589911e-01 2.557287643549448486e-01 9.149120070915588432e-01
6.425998639548406999e-01 2.583763017712505383e-01 9.285117866554526422e-01
6.514963784657509249e-01 2.609823781232067375e-01 9.420850977979580154e-01
6.603682772362438058e-01 2.635474901319481700e-01 9.556324861042542196e-01
6.691850902623723840e-01 2.683535859603024543e-01 9.644627374285339450e-01
6.779261664248567021e-01 2.753889054076344434e-01 9.685362280641778288e-01
6.864559337318933974e-01 2.826229443497761395e-01 9.723978851035528503e-01
6.947446466095903439e-01 2.900950717556770586e-01 9.760207322619844916e-01
7.027842519695443047e-01 2.978074635572772744e-01 9.793979215768623403e-01
7.105684843765367464e-01 3.057586699229467575e-01 9.825240079517409963e-01
7.180927376584745891e-01 3.139441283727743004e-01 9.853948355427999406e-01
7.253539496707805956e-01 3.223566427656945343e-01 9.880074478385346692e-01
7.323504924879138400e-01 3.309868343303571381e-01 9.903600116375146367e-01
7.390820639960158367e-01 3.398235650447097855e-01 9.924517487434763030e-01
7.455495790971993220e-01 3.488543311365899791e-01 9.942828714542554236e-01
7.517550601102249708e-01 3.580656238296654470e-01 9.958545194078786134e-01
7.577015267830559120e-01 3.674432548480506822e-01 9.971686963670006731e-01
7.633928868033464932e-01 3.769726450938911677e-01 9.982282062352565433e-01
7.688338279177402423e-01 3.866390759943102995e-01 9.990365880999764192e-01
7.740297128267671356e-01 3.964279040739085991e-01 9.995980504423785939e-01
7.789864779641032522e-01 4.063247402303698519e-01 9.999174048866749098e-01
7.837105371380016505e-01 4.163155959176760290e-01 1.000000000000000000e+00
7.882086908394402291e-01 4.263869989588253695e-01 9.998516557262084881e-01
7.924880418293742679e-01 4.365260820281106069e-01 9.994785990545020926e-01
7.965559174233701745e-01 4.467206469869497987e-01 9.988874015021896868e-01
8.004197987078897070e-01 4.569592082588553872e-01 9.980849189408917965e-01
8.040872567564042450e-01 4.672310183214400392e-01 9.970782342266959475e-01
8.075658957700652119e-01 4.775260782074583488e-01 9.958746030149776551e-01
8.108633029487023469e-01 4.878351356700885155e-01 9.944814030561008877e-01
8.139870048036551564e-01 4.981496734023192485e-01 9.929060871839350266e-01
8.169444295531405054e-01 5.084618894242813880e-01 9.911561401287005690e-01
8.197428751912894107e-01 5.187646714788290980e-01 9.892390392117240694e-01
8.223894827911362171e-01 5.290515670140956139e-01 9.871622189138468118e-01
8.248912145868360080e-01 5.393167500882929399e-01 9.849330392524340283e-01
8.272548363783518433e-01 5.495549863103580401e-01 9.825587578544492384e-01
8.294869038102451464e-01 5.597615967318222419e-01 9.800465055747721310e-01
8.315937520923691872e-01 5.699324214308526537e-01 9.774032654793027852e-01
8.335814887523590455e-01 5.800637833779010988e-01 9.746358549907647717e-01
8.354559890357373675e-01 5.901524530425350523e-01 9.717509109806101719e-01
8.372228935977999997e-01 6.001956140909847637e-01 9.687548775820877811e-01
8.388876081610835422e-01 6.101908304316722154e-01 9.656539964965784595e-01
8.404553048419409755e-01 6.201360147895701447e-01 9.624542995666065526e-01
8.419309248790204370e-01 6.300293989276157802e-01 9.591616033939481811e-01
8.433191825246409978e-01 6.398695055826675304e-01 9.557815057889134103e-01
8.446245698867206331e-01 6.496551221430368894e-01 9.523193838467571837e-01
8.458513625339968423e-01 6.593852760626774945e-01 9.487803934585099519e-01
8.470036257002613311e-01 6.690592119825964357e-01 9.451694700758632717e-01
8.480852209447223844e-01 6.786763705113139089e-01 9.414913305626977369e-01
8.490998131446866326e-01 6.882363686026915506e-01 9.377504759789824229e-01
8.500508777143128691e-01 6.977389814597605433e-01 9.339511951559062997e-01
8.509417079586215626e-01 7.071841258869822067e-01 9.300975689338940589e-01
8.517754224859991341e-01 7.165718450095985848e-01 9.261934749475713158e-01
8.525549726145482676e-01 7.259022942772654918e-01 9.222425928535310513e-01
8.532831497186434966e-01 7.351757286690882021e-01 9.182484099079079032e-01
8.539625924714522309e-01 7.443924910185195642e-01 9.142142268111973502e-01
8.545957939475085086e-01 7.535530013787853365e-01 9.101431637474449721e-01
8.551851085566229971e-01 7.626577473523815653e-01 9.060381665538670415e-01
8.557327587866103702e-01 7.717072753115782335e-01 9.019020129651532658e-01
8.562408417376980996e-01 7.807021824405320221e-01 8.977373188841518692e-01
8.567113354360225141e-01 7.896431095334861539e-01 8.935465446374161180e-01
8.571461049175007618e-01 7.985307344874787994e-01 8.893320011801709724e-01
8.575469080766748853e-01 8.073657664319239258e-01 8.850958562207336122e-01
8.579154012778921201e-01 8.161489404412998194e-01 8.808401402393150059e-01
8.582531447284057480e-01 8.248810127809987902e-01 8.765667523804566708e-01
8.585616076150296427e-01 8.335627566399601562e-01 8.722774662022320102e-01
8.588421730073563243e-01 8.421949583072722012e-01 8.679739352686746123e-01
8.590961425319532108e-01 8.507784137531537727e-01 8.636576985749492286e-01
8.593247408228733564e-01 8.593139255778867724e-01 8.593301857972862612e-01
8.593114293347150490e-01 8.593217465975889757e-01 8.593053734325458715e-01
8.485973405177869022e-01 8.569468493267355935e-01 8.440878589150812017e-01
8.378504059107404478e-01 8.545288496334587647e-01 8.288443510924610180e-01
8.270705550634577241e-01 8.520670266047345454e-01 8.135751853979713566e-01
8.162577186099851945e-01 8.495606500722353571e-01 7.982807097178582501e-01
8.054118272752099905e-01 8.470089809384271362e-01 7.829612822428054786e-01
7.945328107184534971e-01 8.444112715367820821e-01 7.676172688250827436e-01
7.836205961936522080e-01 8.417667660278329578e-01 7.522490397584883359e-01
7.726751070030919433e-01 8.390747008328959256e-01 7.368569658838866054e-01
7.616962607187801604e-01 8.363343051073310885e-01 7.214414139060205677e-01
7.506839671421168259e-01 8.335448012552792996e-01 7.060027407867983662e-01
7.396381259687559995e-01 8.307054054878515448e-01 6.905412870555919236e-01
7.285586241209686120e-01 8.278153284268593426e-01 6.750573688473168188e-01
7.174453327049196139e-01 8.248737757561654949e-01 6.595512684429679640e-01
7.062981035441624478e-01 8.218799489228801880e-01 6.440232230432865190e-01
6.951167652340669578e-01 8.188330458906082354e-01 6.284734114523887749e-01
6.839011186538745957e-01 8.157322619470811498e-01 6.129019382819235195e-01
6.726509318639202206e-01 8.125767905685326031e-01 5.973088152043202204e-01
6.613659343049528294e-01 8.093658243432388932e-01 5.816939386816930568e-01
6.500458102038936259e-01 8.060985559567143133e-01 5.660570634691672876e-01
6.386901910757037948e-01 8.027741792410834076e-01 5.503977710304058801e-01
6.272986471938397646e-01 7.993918902912067193e-01 5.347154317986955174e-01
6.158706778812580440e-01 7.959508886501515112e-01 5.190091599555447521e-01
6.044057004497678243e-01 7.924503785666319189e-01 5.032777590617131258e-01
5.929030375866730651e-01 7.888895703270251136e-01 4.875196564372274444e-01
5.813619029532404170e-01 7.852676816645166591e-01 4.717328236115115869e-01
5.697813847179047375e-01 7.815839392479092540e-01 4.559146794016434301e-01
5.581604266973068107e-01 7.778375802524579719e-01 4.400619711537819834e-01
5.464978067174479648e-01 7.740278540149302389e-01 4.241706282951179796e-01
5.347921117331316809e-01 7.701540237748686346e-01 4.082355804370979002e-01
5.230417091530802365e-01 7.662153685036029449e-01 3.922505296142610454e-01
5.112447137056774782e-01 7.622111848221607699e-01 3.762076624851982132e-01
4.993989490407613752e-01 7.581407890085207768e-01 3.600972829165899891e-01
4.875019030880008986e-01 7.540035190938605414e-01 3.439073374512017778e-01
4.755506759716909282e-01 7.497987370463848888e-01 3.276227943175445412e-01
4.635419190011749180e-01 7.455258310399435207e-01 3.112248185232226461e-01
4.514717628956214091e-01 7.411842178030064732e-01 2.946896571505576157e-01
4.393357329354454777e-01 7.367733450414079011e-01 2.779871030784477615e-01
4.271286481218787290e-01 7.322926939257644596e-01 2.610783287879314685e-01
4.148445006192699180e-01 7.277417816313161980e-01 2.439127492771389905e-01
4.024763106753300734e-01 7.231201639142570414e-01 2.264233330781624531e-01
3.900159507542310666e-01 7.184274377041989235e-01 2.085193229083991406e-01
3.774539306151238893e-01 7.136632436873493468e-01 1.900743997592731493e-01
3.647791322854894158e-01 7.088272688491004114e-01 1.709062936198417759e-01
3.519784799501614048e-01 7.039192489382309903e-01 1.507389499667378396e-01
3.390365241413380026e-01 6.989389708076952923e-01 1.291249768674673226e-01
3.259349113818698629e-01 6.938862745793834552e-01 1.052624826385833712e-01
3.126516981679043905e-01 6.887610555723050476e-01 7.745488272470540947e-02
2.991604494924706148e-01 6.835632659259786026e-01 4.067152816170333668e-02
2.854290329418961436e-01 6.782929158436536987e-01 0.000000000000000000e+00
2.714179725705080926e-01 6.729500743741716473e-01 0.000000000000000000e+00
2.570781491656738971e-01 6.675348696473448751e-01 0.000000000000000000e+00
2.423475001554198927e-01 6.620474884766287538e-01 0.000000000000000000e+00
2.271461332468332206e-01 6.564881752453214370e-01 0.000000000000000000e+00
2.113688168960175529e-01 6.508572299993693466e-01 0.000000000000000000e+00
1.948729075233500418e-01 6.451550056816571788e-01 0.000000000000000000e+00
1.774578262565520981e-01 6.393819044597414125e-01 0.000000000000000000e+00
1.588275928833767225e-01 6.335383731212925751e-01 0.000000000000000000e+00
1.385156363707202298e-01 6.276248975384615125e-01 0.000000000000000000e+00
1.157124042355722887e-01 6.216419962331541926e-01 0.000000000000000000e+00
8.878024826683160453e-02 6.155902131084757256e-01 0.000000000000000000e+00
5.326642589702607067e-02 6.094701094465957425e-01 0.000000000000000000e+00
0.000000000000000000e+00 6.032822553105025021e-01 0.000000000000000000e+00
0.000000000000000000e+00 5.970276077304161877e-01 0.000000000000000000e+00
0.000000000000000000e+00 5.899739627514164475e-01 0.000000000000000000e+00
0.000000000000000000e+00 5.821502647281016074e-01 0.000000000000000000e+00
0.000000000000000000e+00 5.742986444794497825e-01 0.000000000000000000e+00
0.000000000000000000e+00 5.664185231294159850e-01 0.000000000000000000e+00
0.000000000000000000e+00 5.585093000277281394e-01 0.000000000000000000e+00
0.000000000000000000e+00 5.505703515473053811e-01 0.000000000000000000e+00
0.000000000000000000e+00 5.426010297933294702e-01 0.000000000000000000e+00
0.000000000000000000e+00 5.346006612158310523e-01 0.000000000000000000e+00
0.000000000000000000e+00 5.265685451167142483e-01 0.000000000000000000e+00
0.000000000000000000e+00 5.185039520411245384e-01 0.000000000000000000e+00
0.000000000000000000e+00 5.104061220418858458e-01 0.000000000000000000e+00
2.320720035913359600e-03 5.022742628044027935e-01 0.000000000000000000e+00
7.797827212604580872e-03 4.941075476179073722e-01 0.000000000000000000e+00
1.299667625293776316e-02 4.859051131771932042e-01 0.000000000000000000e+00
1.791903533601084744e-02 4.776660571969904012e-01 0.000000000000000000e+00
2.256674304385298743e-02 4.693894358188623883e-01 0.000000000000000000e+00
2.694171173034774769e-02 4.610742607878633992e-01 0.000000000000000000e+00
3.104593112114016965e-02 4.527194963731843158e-01 0.000000000000000000e+00
3.487926306609167443e-02 4.443240560034795172e-01 0.000000000000000000e+00
3.828194145971224038e-02 4.358867985835053749e-01 0.000000000000000000e+00
4.127190649945749329e-02 4.274065244539382302e-01 0.000000000000000000e+00
4.390506152666479728e-02 4.188819709506933497e-01 0.000000000000000000e+00
4.622372926984753827e-02 4.103118075135371856e-01 0.000000000000000000e+00
4.826076337011556139e-02 4.016946302861234552e-01 0.000000000000000000e+00
5.004217596689642528e-02 3.930289561405103105e-01 0.000000000000000000e+00
5.158888650763740480e-02 3.843132160484629689e-01 0.000000000000000000e+00
5.291792520994676591e-02 3.755457477090290985e-01 0.000000000000000000e+00
5.404328455709475620e-02 3.667247873265472857e-01 0.000000000000000000e+00
5.497653589491623138e-02 3.578484604148179926e-01 0.000000000000000000e+00
5.572728461808595934e-02 3.489147714809144318e-01 0.000000000000000000e+00
5.630351152762114175e-02 3.399215924150953416e-01 0.000000000000000000e+00
5.671183199373072692e-02 3.308666493803174569e-01 0.000000000000000000e+00
5.695769443336046178e-02 3.217475079543829497e-01 0.000000000000000000e+00
5.704553300084929529e-02 3.125615562278262205e-01 0.000000000000000000e+00
5.697888496004036019e-02 3.033059854985548642e-01 0.000000000000000000e+00
5.676048016005927344e-02 2.939777681266679266e-01 0.000000000000000000e+00
5.639230788623665613e-02 2.845736320150490939e-01 0.000000000000000000e+00
5.587566479206251824e-02 2.750900310571834928e-01 0.000000000000000000e+00
5.521118643486310623e-02 2.655231107347333364e-01 0.000000000000000000e+00
5.439886399953525881e-02 2.558686678421844829e-01 0.000000000000000000e+00
5.343804700108992223e-02 2.461221030483995154e-01 0.000000000000000000e+00
5.232743202995469856e-02 2.362783646526874226e-01 0.000000000000000000e+00
5.106503687543926390e-02 2.263318814240427856e-01 0.000000000000000000e+00
4.964815856143595107e-02 2.162764817803969064e-01 0.000000000000000000e+00
4.807331287256351449e-02 2.061052957022986298e-01 0.000000000000000000e+00
4.633615172929136244e-02 1.958106345815089910e-01 0.000000000000000000e+00
4.443135313264547775e-02 1.853838425260340705e-01 0.000000000000000000e+00
4.235247610847529126e-02 1.748151102412907609e-01 0.000000000000000000e+00
4.009176977069225933e-02 1.640932391049015615e-01 0.000000000000000000e+00
3.763992069464330154e-02 1.532053378360978269e-01 0.000000000000000000e+00
3.498571524323601523e-02 1.421364262026669767e-01 0.000000000000000000e+00
3.213085047842356018e-02 1.308689077345186191e-01 0.000000000000000000e+00
2.919872540442942921e-02 1.193818532463056109e-01 0.000000000000000000e+00
2.621019385251191144e-02 1.076500031818989483e-01 0.000000000000000000e+00
2.318379583083666692e-02 9.564233776557223843e-02 0.000000000000000000e+00
2.014058699995541213e-02 8.331995560025214076e-02 0.000000000000000000e+00
1.710944407946761447e-02 7.063172302372071332e-02 0.000000000000000000e+00
1.400307423390047962e-02 5.754196156819027519e-02 0.000000000000000000e+00
1.074621853596850751e-02 4.401357358674191228e-02 0.000000000000000000e+00
7.449894782174634397e-03 3.006676199235790506e-02 0.000000000000000000e+00
4.287235663688319064e-03 1.807365350637648096e-02 0.000000000000000000e+00
1.631053668850739697e-03 8.966448594000440975e-03 0.000000000000000000e+00
1.643113358337601807e-04 2.739846343648046426e-03 0.000000000000000000e+00
4.347434705990054632e-02 0.000000000000000000e+00 1.279257124878630013e-03
