1.280820167509419578e-02 2.481664378034817084e-02 4.769024060330884912e-02
1.446382400850260500e-02 3.101044639216270563e-02 5.888972278693104662e-02
1.691852707285906171e-02 3.759167288067030710e-02 6.910010717134208724e-02
1.968841454199943622e-02 4.453329195731975387e-02 7.870480258482573377e-02
2.270556003447615073e-02 5.127994711699544739e-02 8.827805206350060330e-02
2.593872123660678763e-02 5.782956144092021855e-02 9.796333554603800509e-02
2.937394858704293898e-02 6.420967559138307523e-02 1.077179063130180997e-01
3.300748023932937453e-02 7.043756610454460221e-02 1.175228621300029308e-01
3.682643696472619188e-02 7.653138857540592310e-02 1.273536931635869396e-01
4.081987270642317006e-02 8.250345714073688275e-02 1.371993116418056824e-01
4.479205187574353958e-02 8.836367384648835532e-02 1.470526903238323913e-01
4.870200009857149348e-02 9.412142137040914458e-02 1.569060608862448691e-01
5.255067533462295243e-02 9.978475639805710340e-02 1.667534931465113890e-01
5.630199443084646371e-02 1.053787993032608838e-01 1.765325613627111156e-01
5.993410009485735518e-02 1.109209202709152270e-01 1.862055106047443565e-01
6.345557115131704451e-02 1.164130751805997621e-01 1.957820731099197409e-01
6.687307342916241903e-02 1.218580781252930206e-01 2.052658219195609424e-01
7.019577112185185208e-02 1.272578318487843363e-01 2.146593219537206165e-01
7.342729660746429021e-02 1.326150313150929461e-01 2.239657889253529044e-01
7.657032121523479895e-02 1.379322604627794269e-01 2.331882313406357377e-01
7.962889146867609125e-02 1.432115590022967622e-01 2.423290374725167173e-01
8.260660347963161287e-02 1.484548283229175092e-01 2.513903774662880064e-01
8.550665820886028945e-02 1.536638467267723296e-01 2.603742268165626927e-01
8.833190818073168027e-02 1.588402822943695281e-01 2.692823868340266102e-01
9.108489720923576560e-02 1.639857038379964882e-01 2.781165025566842419e-01
9.376789436284140022e-02 1.691015902973129204e-01 2.868780784814141116e-01
9.638292314519236736e-02 1.741893388548087784e-01 2.955684924282880877e-01
9.893178667603599874e-02 1.792502719907111408e-01 3.041890077988132490e-01
1.014160895072038909e-01 1.842856436524950015e-01 3.127407844474472953e-01
1.038372565910049700e-01 1.892966446798880764e-01 3.212248883514549624e-01
1.061965498256758206e-01 1.942844075995563413e-01 3.296423002358944143e-01
1.084950825281841280e-01 1.992500108827911787e-01 3.379939232870970978e-01
1.107338321253422270e-01 2.041944827429255094e-01 3.462805900684713944e-01
1.129136513057346636e-01 2.091188045360859726e-01 3.545030687361757082e-01
1.150352778356968780e-01 2.140239138183079592e-01 3.626620686384771641e-01
1.170993432103492327e-01 2.189107071035063801e-01 3.707582453710807635e-01
1.191063802839836122e-01 2.237800423598695909e-01 3.787922053509529818e-01
1.210568300020674337e-01 2.286327412765602474e-01 3.867645099628604366e-01
1.229510473386321578e-01 2.334695913279391799e-01 3.946756793258056062e-01
1.247893065274046781e-01 2.382913476586423496e-01 4.025261957205033547e-01
1.265718056618994058e-01 2.430987348096332323e-01 4.103165067138828115e-01
1.282986707286580264e-01 2.478924483026381798e-01 4.180470280121694193e-01
1.299699591284143030e-01 2.526731560980878255e-01 4.257181460702686437e-01
1.315856627317030514e-01 2.574414999397862669e-01 4.333302204818966774e-01
1.331457105085877002e-01 2.621980965978582545e-01 4.408835861720116212e-01
1.346499707659182532e-01 2.669435390201544411e-01 4.483785554106644033e-01
1.360982530203048158e-01 2.716783974010602010e-01 4.558154196651777457e-01
1.374903095300929745e-01 2.764032201756577156e-01 4.631944513057273949e-01
1.388258365055272947e-01 2.811185349462481664e-01 4.705159051777230150e-01
1.401044750123191518e-01 2.858248493475047391e-01 4.777800200529609964e-01
1.413258115803567305e-01 2.905226518558168269e-01 4.849870199702462359e-01
1.424893785260111512e-01 2.952124125478116645e-01 4.921371154750693311e-01
1.435946539932998756e-01 2.998945838125139929e-01 4.992305047669533535e-01
1.446410617163437495e-01 3.045696010211276783e-01 5.062673747622066234e-01
1.456279705023593163e-01 3.092378831580592236e-01 5.132479020790448043e-01
1.465546934317164540e-01 3.138998334163973225e-01 5.201722539513994326e-01
1.474204867684681675e-01 3.185558397607854419e-01 5.270405890770635260e-01
1.482245485717172406e-01 3.232062754603040045e-01 5.338530584053712280e-01
1.489660169947989443e-01 3.278514995937750198e-01 5.406098058690413932e-01
1.496439682559533024e-01 3.324918575296140766e-01 5.473109690644588632e-01
1.502574142600984208e-01 3.371276813822142171e-01 5.539566798842370243e-01
1.508052998472453887e-01 3.417592904466280057e-01 5.605470651055917131e-01
1.512864996384295779e-01 3.463869916131545601e-01 5.670822469377261310e-01
1.516998144445839414e-01 3.510110797633145263e-01 5.735623435311717477e-01
1.520439671979787188e-01 3.556318381485301661e-01 5.799874694517620499e-01
1.523175983587659321e-01 3.602495387527430148e-01 5.863577361216993911e-01
1.525192607414393997e-01 3.648644426400581842e-01 5.926732522299796857e-01
1.526474136965743633e-01 3.694768002884438740e-01 5.989341241142327465e-01
1.527004165726571494e-01 3.740868519103878187e-01 6.051404561159046125e-01
1.526765213700211621e-01 3.786948277613637059e-01 6.112923509105088193e-01
1.525738644840360925e-01 3.833009484368624653e-01 6.173899098146005127e-01
1.523904574169991366e-01 3.879054251586877555e-01 6.234332330709203562e-01
1.521241763169414729e-01 3.925084600511498101e-01 6.294224201131176644e-01
1.517727501762464182e-01 3.971102464077388428e-01 6.353575698113079762e-01
1.513337474924564274e-01 4.017109689487888824e-01 6.412387806996310280e-01
1.508045611564681476e-01 4.063108040706177593e-01 6.470661511869000293e-01
1.501823912882262468e-01 4.109099200865646839e-01 6.528397797513326717e-01
1.494642256846869521e-01 4.155084774603042264e-01 6.585597651202803604e-01
1.486468174766152894e-01 4.201066290317719831e-01 6.642262064358012141e-01
1.477266595058840115e-01 4.247045202360205107e-01 6.698392034068401113e-01
1.466999548297621692e-01 4.293022893152210751e-01 6.753988564487228841e-01
1.455625826252705535e-01 4.339000675240472504e-01 6.809052668105826100e-01
1.443100585985952478e-01 4.384979793286020167e-01 6.863585366912886565e-01
1.429374887898276492e-01 4.430961425989780600e-01 6.917587693443550956e-01
1.414395153865011245e-01 4.476946687955287163e-01 6.971060691722266167e-01
1.398102528005961132e-01 4.522936631488098658e-01 7.024005418102651221e-01
1.380432117928426516e-01 4.568932248330968005e-01 7.076422942006332928e-01
1.361312088047732238e-01 4.614934471332635124e-01 7.128314346561566150e-01
1.340662568241183517e-01 4.660944176046785126e-01 7.179680729140832662e-01
1.318394329784229602e-01 4.706962182255469695e-01 7.230523201794391008e-01
1.294407164982426528e-01 4.752989255409425517e-01 7.280842891574140774e-01
1.268587885307896623e-01 4.799026107972976241e-01 7.330640940738051281e-01
1.240807822277335132e-01 4.845073400657282092e-01 7.379918506819890256e-01
1.210919671385055491e-01 4.891131743516426988e-01 7.428676762540759038e-01
1.178753455031840147e-01 4.937201696870137657e-01 7.476916895526716234e-01
1.144111284148392194e-01 4.983283771997776834e-01 7.524640107777156306e-01
1.106760450912985111e-01 5.029378431518554127e-01 7.571847614798109527e-01
1.066424153631789079e-01 5.075486089323202332e-01 7.618540644262644657e-01
1.022768780720620246e-01 5.121607109835751848e-01 7.664720433971442537e-01
9.753860550598607293e-02 5.167741806226991974e-01 7.710388228723746851e-01
9.237672525377020605e-02 5.213890436897371528e-01 7.755545275394913896e-01
8.672647315941378610e-02 5.260053198920853212e-01 7.800192814869696400e-01
8.050322205839899325e-02 5.306230215728667821e-01 7.844332068019719273e-01
7.359425555737650337e-02 5.352420895429178538e-01 7.887963572546231594e-01
6.584758453034833536e-02 5.398622059668539697e-01 7.931085245157287744e-01
5.702408071631756559e-02 5.444834793800376049e-01 7.973699453608552590e-01
4.674896066248303284e-02 5.491057577671150103e-01 8.015805919821211711e-01
3.524782975992253597e-02 5.537103948866248793e-01 8.057213437362917841e-01
3.379388801729135000e-02 5.580408969237605765e-01 8.095273580424654503e-01
3.229428150632345645e-02 5.623690772714542430e-01 8.132794205041378177e-01
3.074873417712770118e-02 5.666949684170085044e-01 8.169777243836501279e-01
2.915697941588799025e-02 5.710186002774424452e-01 8.206224652936293662e-01
2.751876012705294430e-02 5.753400002906295940e-01 8.242138411582431434e-01
2.583382880831569528e-02 5.796591935040839028e-01 8.277520521725271196e-01
2.410194761816933720e-02 5.839762026614625512e-01 8.312373007599305197e-01
2.232288843651866750e-02 5.882910482868378699e-01 8.346697915282013103e-01
2.049643291775967227e-02 5.926037487668009973e-01 8.380497312237573659e-01
1.862237253720017138e-02 5.969143204304405703e-01 8.413773286846599753e-01
1.670050863005471606e-02 6.012227776272583979e-01 8.446527947923043733e-01
1.596064825644136903e-02 6.055008344006362897e-01 8.478470050196654784e-01
1.563306563625306914e-02 6.097667819530220301e-01 8.509791215734905379e-01
1.529795920504170396e-02 6.140303755960992982e-01 8.540594663026942479e-01
1.495533305270427618e-02 6.182916264783894222e-01 8.570882635406980032e-01
1.460519284378214953e-02 6.225505441716489008e-01 8.600657394918962417e-01
1.424754581789124987e-02 6.268071367350178669e-01 8.629921221740757264e-01
1.388240078850482527e-02 6.310614107774429327e-01 8.658676413602420796e-01
1.350976814048875964e-02 6.353133715184052788e-01 8.686925285199098568e-01
1.312965982647860790e-02 6.395630228469867395e-01 8.714670167599553041e-01
1.284770437538009132e-02 6.440194949112846290e-01 8.726893162683855287e-01
1.267162668187645641e-02 6.486698875110430418e-01 8.724226981756649790e-01
1.249857719132710376e-02 6.533010664281766466e-01 8.721903746300134763e-01
1.232877709200795417e-02 6.579133752752773789e-01 8.719924987678974171e-01
1.216243677231156062e-02 6.625071478632987843e-01 8.718292122075257389e-01
1.199975680986951204e-02 6.670827084941369778e-01 8.717006458320049056e-01
1.184092887109680116e-02 6.716403722446077085e-01 8.716069205352953153e-01
1.168613653407012121e-02 6.761804452419802880e-01 8.715481479314658442e-01
1.153555604384637334e-02 6.807032249312751082e-01 8.715244310280005902e-01
1.138935700815361073e-02 6.852090003345039371e-01 8.715358648641444717e-01
1.124770304030319260e-02 6.896980523020380671e-01 8.715825371154497514e-01
1.111075235417486283e-02 6.941706537563037127e-01 8.716645286656959923e-01
1.097865831661417289e-02 6.986270699279777396e-01 8.717819141475104949e-01
1.085156996101202358e-02 7.030675585848751297e-01 8.719347624529486529e-01
1.072963246505612839e-02 7.074923702537210257e-01 8.721231372153751549e-01
1.061298759688888635e-02 7.119017484349646763e-01 8.723470972639590926e-01
1.050177413099823501e-02 7.162959298108512174e-01 8.726066970520334198e-01
1.039612823744861213e-02 7.206751444468955103e-01 8.729019870606119502e-01
1.029618384595415610e-02 7.250396159869593182e-01 8.732330141782741473e-01
1.020207298683871444e-02 7.293895618420984661e-01 8.735998220586062013e-01
1.011392611098761891e-02 7.337251933733467402e-01 8.740024514563579094e-01
1.003187238994666074e-02 7.380467160686178252e-01 8.744409405434018234e-01
1.014786044608026981e-02 7.423508599110961725e-01 8.749117755946357322e-01
1.180314051178109509e-02 7.466137956815315224e-01 8.753904417529801973e-01
1.355734283369755197e-02 7.508619740213249294e-01 8.759038609087127503e-01
1.541188245501929656e-02 7.550955801573465687e-01 8.764520684360830316e-01
1.736818569288888642e-02 7.593147940029888465e-01 8.770350980756395076e-01
3.956981081494780061e-02 7.631673511982545177e-01 8.772939444253893271e-01
6.350472080468540226e-02 7.669050263145049673e-01 8.774855784807044090e-01
8.283727087004756628e-02 7.706138869602594532e-01 8.776976414047565900e-01
9.960438355153747314e-02 7.742949327789381275e-01 8.779310479421177371e-01
1.147119078713033230e-01 7.779483721662923124e-01 8.781859090011870927e-01
1.286483604194349484e-01 7.815743677974804626e-01 8.784622914467166144e-01
1.417107889671083143e-01 7.851730593304228067e-01 8.787602413027357784e-01
1.540947592717826775e-01 7.887445717455812133e-01 8.790797922924699082e-01
1.659365534895071159e-01 7.922890191126564785e-01 8.794209697064049314e-01
1.773352916725937090e-01 7.958065065417861961e-01 8.797837924134684906e-01
1.883655153718720165e-01 7.992971313024537228e-01 8.801682740192047216e-01
1.990848088637985069e-01 8.027609835194082777e-01 8.805744235890775595e-01
2.095386504626942092e-01 8.061981466361688442e-01 8.810022461316648901e-01
2.197636283618247255e-01 8.096086977426550924e-01 8.814517429405172022e-01
2.297896453612314205e-01 8.129927078192620282e-01 8.819229118482436736e-01
2.396414740051761305e-01 8.163502419272929966e-01 8.824157474235174714e-01
2.493398805666386386e-01 8.196813593636337325e-01 8.829302411293921127e-01
2.589024547341555738e-01 8.229861137907732438e-01 8.834663814544202465e-01
2.683442334658827089e-01 8.262645533492972705e-01 8.840241540239317519e-01
2.776781777755207847e-01 8.295167207575504520e-01 8.846035416963953235e-01
2.869155424332091586e-01 8.327426534016266757e-01 8.852045246482062035e-01
2.960661663695800527e-01 8.359423834178908441e-01 8.858270804492132111e-01
3.051387034670065557e-01 8.391159377695480703e-01 8.864711841306686102e-01
3.141408079204937587e-01 8.422633383183927291e-01 8.871368082468064076e-01
3.230792845465914054e-01 8.453846018924995320e-01 8.878239229309436986e-01
3.319602117410526687e-01 8.484797403504964475e-01 8.885324959468074990e-01
3.407890428740000810e-01 8.515487606428107092e-01 8.892624927355960995e-01
3.495706905240297258e-01 8.545916648702718277e-01 8.900138764592064877e-01
3.583095969350061916e-01 8.576084503403187398e-01 8.907866080399551301e-01
3.670097933227626230e-01 8.605991096209998359e-01 8.915806461970701147e-01
3.756749500899144723e-01 8.635636305929570433e-01 8.923959474801781422e-01
3.843084195756183985e-01 8.665019964995134272e-01 8.932324662999782117e-01
3.929132726361141970e-01 8.694141859949828799e-01 8.940901549562810802e-01
4.014923300960347996e-01 8.723001731912773948e-01 8.949689636635356216e-01
4.100481899107276118e-01 8.751599277029247226e-01 8.958688405739916316e-01
4.185832507233079869e-01 8.779934146905309378e-01 8.967897317986058825e-01
4.270997323756557384e-01 8.808005949027868375e-01 8.977315814257883497e-01
4.355996938340095381e-01 8.835814247170372671e-01 8.986943315380958586e-01
4.440850489099615883e-01 8.863358561784994150e-01 8.996779222269546405e-01
4.525575800939666271e-01 8.890638370381577227e-01 9.006822916054896266e-01
4.610189507661530683e-01 8.917653107893989128e-01 9.017073758195432998e-01
4.694707160069550578e-01 8.944402167034175566e-01 9.027531090569550498e-01
4.779143321952151746e-01 8.970884898634329252e-01 9.038194235551605393e-01
4.863511655524051513e-01 8.997100611977909557e-01 9.049062496071837991e-01
4.947824997683033521e-01 9.023048575119428927e-01 9.060135155660792305e-01
5.032095428231715406e-01 9.048728015193834295e-01 9.071411478478799140e-01
5.116334331052271311e-01 9.074138118715706636e-01 9.082890709331070678e-01
5.208740976022634417e-01 9.097846102159576898e-01 9.093088642697948476e-01
5.304394901978878307e-01 9.120650720844759585e-01 9.102830014860840979e-01
5.399451136783302019e-01 9.143218710359025669e-01 9.112805701504513856e-01
5.493941758272050668e-01 9.165550730171717619e-01 9.123017142222012987e-01
5.587896245633706682e-01 9.187647456608176721e-01 9.133465783223102541e-01
5.681341731679122597e-01 9.209509582664167082e-01 9.144153076616815534e-01
5.774303225359057601e-01 9.231137817803166667e-01 9.155080479709264418e-01
5.866803808681020360e-01 9.252532887737643374e-01 9.166249454317358936e-01
5.958864811512387671e-01 9.273695534195309786e-01 9.177661466097860599e-01
6.050505967210889624e-01 9.294626514671207040e-01 9.189317983892040242e-01
6.141745551574420148e-01 9.315326602166497105e-01 9.201220479085722159e-01
6.232600507228345244e-01 9.335796584914954899e-01 9.213370424984629325e-01
6.323086555260802877e-01 9.356037266097603222e-01 9.225769296204889836e-01
6.413218295655452872e-01 9.376049463546627383e-01 9.238418568078641258e-01
6.503009297855427695e-01 9.395834009438956969e-01 9.251319716074428712e-01
6.592472182608205555e-01 9.415391749980546177e-01 9.264474215232432197e-01
6.681618696087808784e-01 9.434723545081684648e-01 9.277883539614165676e-01
6.770459777158069903e-01 9.453830268024219219e-01 9.291549161766650133e-01
6.859005618530106263e-01 9.472712805121167312e-01 9.305472552200737546e-01
6.947265722470494786e-01 9.491372055369560190e-01 9.319655178883519131e-01
7.035248951636784431e-01 9.509808930096703694e-01 9.334098506744553658e-01
7.122963575544567494e-01 9.528024352600764635e-01 9.348803997195744842e-01
7.210417313110519810e-01 9.546019257786164669e-01 9.363773107664793427e-01
7.297617371665151564e-01 9.563794591793997046e-01 9.379007291141822078e-01
7.384570482779055922e-01 9.581351311628660827e-01 9.394507995739224127e-01
7.471282935213693355e-01 9.598690384780286244e-01 9.410276664264328739e-01
7.557760605266274911e-01 9.615812788844279035e-01 9.426314733804893597e-01
7.644008984753805080e-01 9.632719511137860513e-01 9.442623635327040965e-01
7.730033206851605332e-01 9.649411548314410503e-01 9.459204793285627133e-01
7.815838069980584057e-01 9.665889905975797447e-01 9.476059625246725515e-01
7.901428059916225655e-01 9.682155598283256337e-01 9.493189541522140118e-01
7.986807370274529028e-01 9.698209647567153091e-01 9.510595944815645186e-01
8.071979921514539358e-01 9.714053083936068367e-01 9.528280229880875529e-01
8.156949378583457921e-01 9.729686944885432842e-01 9.546243783190624388e-01
8.241719167316993166e-01 9.745112274906312377e-01 9.564487982617344564e-01
8.326292489697456611e-01 9.760330125094481835e-01 9.583014197124769540e-01
8.410672338062357145e-01 9.775341552760089536e-01 9.601823786470305988e-01
8.494861508346547296e-01 9.790147621038544079e-01 9.620918100918213201e-01
8.578862612434956514e-01 9.804749398502394797e-01 9.640298480963249705e-01
8.662678089693517380e-01 9.819147958775115148e-01 9.659966257064570572e-01
8.746310217742524484e-01 9.833344380146480379e-01 9.679922749389953118e-01
8.829761122528625439e-01 9.847339745190221150e-01 9.700169267569823672e-01
8.913032787747843244e-01 9.861135140384024167e-01 9.720707110461177525e-01
8.996127063667733736e-01 9.874731655732102986e-01 9.741537565921127850e-01
9.079045675391607118e-01 9.888130384390555472e-01 9.762661910589899295e-01
9.161790230604903718e-01 9.901332422295989755e-01 9.784081409683085262e-01
9.244362226840766583e-01 9.914338867797110044e-01 9.805797316793118945e-01
9.326763058297731224e-01 9.927150821289977278e-01 9.827810873699583949e-01
9.408994022240950716e-01 9.939769384856685930e-01 9.850123310188457770e-01
9.491056325014768369e-01 9.952195661908042057e-01 9.872735843879821838e-01
9.572951087693164496e-01 9.964430756830059410e-01 9.895649680064257936e-01
9.654679351392609910e-01 9.976475774634474547e-01 9.918866011547369244e-01
9.736242082268292686e-01 9.988331820613706169e-01 9.942386018502594736e-01
9.817640176215597370e-01 1.000000000000000000e+00 9.966210868331977224e-01
