5.787546823099476781e-03 6.462171873558039768e-04 1.996423385169064993e-02
9.455666052020625378e-03 1.962214373077353184e-03 3.084850678739572277e-02
1.375430439747843056e-02 3.816446381107894189e-03 4.325332283756742890e-02
1.859996410549165369e-02 6.202165519817360965e-03 5.546486982609164645e-02
2.381923588831108204e-02 9.103287648499032089e-03 6.748987401818772047e-02
2.929376982103499422e-02 1.252287902281084241e-02 7.943576066868501817e-02
3.494190976911315527e-02 1.646798171001673250e-02 9.129062746404967288e-02
4.069066244619759520e-02 2.094489292065154773e-02 1.030502416334812543e-01
4.615466972224790965e-02 2.595926816557771882e-02 1.147139206675524409e-01
5.122556704570647296e-02 3.151615361093725726e-02 1.262827360344627170e-01
5.593322699041232415e-02 3.762000100978864225e-02 1.377586610723917637e-01
6.030260326924042485e-02 4.411698570379336132e-02 1.491441382879334643e-01
6.435480344988588064e-02 5.055366314255486937e-02 1.604418468777886186e-01
6.810786277302503799e-02 5.692339462275819439e-02 1.716545718120254527e-01
7.157731418104952559e-02 6.323158287496385976e-02 1.827851272146269468e-01
7.477661595074377998e-02 6.948260743437764675e-02 1.938363101587872173e-01
7.771747751375258917e-02 7.568007068251235425e-02 2.048108722296315409e-01
8.041011089035658699e-02 8.182697529296417693e-02 2.157115018679312268e-01
8.286342663974056999e-02 8.792585485959820979e-02 2.265408134829429987e-01
8.508518758092560585e-02 9.397887174763266960e-02 2.373013409459655554e-01
8.708212970942541542e-02 9.998789149147661870e-02 2.479955339937449377e-01
8.886005708117693247e-02 1.059545400921147046e-01 2.586257566066802460e-01
9.042391555434453609e-02 1.118802486406069718e-01 2.691942867495275005e-01
9.177784891286223934e-02 1.177662884133770932e-01 2.797033170625506382e-01
9.292523987361990534e-02 1.236137987137824051e-01 2.901549562188921461e-01
9.386873768741400836e-02 1.294238091300030091e-01 3.005512307477760103e-01
9.461027340208714997e-02 1.351972574523045978e-01 3.108940871795684013e-01
9.515106330571905524e-02 1.409350041862653391e-01 3.211853944076222822e-01
9.549160056171208943e-02 1.466378443753892646e-01 3.314269461892387358e-01
9.563163454576138756e-02 1.523065172819086377e-01 3.416204637278021927e-01
9.557013685742758724e-02 1.579417143516876065e-01 3.517675982925840827e-01
9.530525236272972822e-02 1.635440857964603478e-01 3.618699338434405721e-01
9.655829333934802527e-02 1.687761221160193892e-01 3.716630541429780665e-01
9.967553181315419453e-02 1.735940077693302330e-01 3.811007009957367853e-01
1.027220757990111311e-01 1.783864982427790791e-01 3.904883978057336891e-01
1.057040465625448816e-01 1.831530507490500281e-01 3.998301275263365095e-01
1.086266532576961458e-01 1.878933474775907886e-01 4.091293264365325477e-01
1.114943692667277331e-01 1.926072440485757098e-01 4.183889825825768405e-01
1.143110680705554383e-01 1.972947299954965761e-01 4.276117130463226723e-01
1.170801292264840587e-01 2.019558982407558545e-01 4.367998252513535240e-01
1.198045219595630650e-01 2.065909213623219332e-01 4.459553660871108938e-01
1.224868717764896475e-01 2.112000330351881394e-01 4.550801616310777842e-01
1.251295140545770346e-01 2.157835134483981065e-01 4.641758495394271988e-01
1.277350508527326511e-01 2.203420056171630503e-01 4.732419491113805110e-01
1.303133338126713225e-01 2.248820010478188303e-01 4.822448005158284645e-01
1.328644080686402218e-01 2.294059118241885964e-01 4.911783769136048861e-01
1.353868832130554201e-01 2.339155061789121859e-01 5.000406806218865574e-01
1.378791522561413074e-01 2.384125699963465794e-01 5.088296137496534088e-01
1.403393978533079844e-01 2.428989048515638183e-01 5.175429872028090017e-01
1.427655994174108489e-01 2.473763253775906057e-01 5.261785300149511846e-01
1.451555410114738764e-01 2.518466560135336207e-01 5.347338989678691590e-01
1.475068198977542988e-01 2.563117271922717988e-01 5.432066884564905607e-01
1.498168556035308352e-01 2.607733710317137743e-01 5.515944405454169530e-01
1.520828993526952000e-01 2.652334165980026470e-01 5.598946551584093045e-01
1.543020437046267734e-01 2.696936848125026098e-01 5.681048003381300449e-01
1.564712322380231169e-01 2.741559830767247852e-01 5.762223225110508773e-01
1.585872691163461856e-01 2.786220996906408343e-01 5.842446566915426853e-01
1.606468283735424940e-01 2.830937981399403447e-01 5.921692365597321928e-01
1.626464627623833148e-01 2.875728113268595787e-01 5.999935043494899478e-01
1.645826120133433157e-01 2.920608358171888908e-01 6.077149204858406373e-01
1.664516103582189266e-01 2.965595261730905041e-01 6.153309729149252227e-01
1.682496931794805195e-01 3.010704894374715557e-01 6.228391860742692465e-01
1.699730026528291638e-01 3.055952798310094809e-01 6.302371294563303694e-01
1.716175922563120959e-01 3.101353937175703734e-01 6.375224257239577863e-01
1.731794300237462780e-01 3.146922648879005857e-01 6.446927583423390784e-01
1.746544004229679536e-01 3.192672602051696007e-01 6.517458786980836472e-01
1.760383047396877343e-01 3.238616756493586379e-01 6.586796126822108688e-01
1.773268598451989142e-01 3.284767327907673340e-01 6.654918667197896598e-01
1.785156952202354430e-01 3.331135757161278188e-01 6.721806332347702861e-01
1.796003480970940203e-01 3.377732684241434025e-01 6.787439955440910389e-01
1.805762565673353359e-01 3.424567927007619028e-01 6.851801321802930556e-01
1.814387504818971708e-01 3.471650464782755630e-01 6.914873206466680688e-01
1.821830399431846603e-01 3.518988426764952937e-01 6.976639406133100518e-01
1.828042011537416300e-01 3.566589085188003327e-01 7.037084765663500496e-01
1.832971593412724698e-01 3.614458853109528969e-01 7.096195199260536546e-01
1.836566684236703439e-01 3.662603286661165747e-01 7.153957706524806115e-01
1.838772870069177723e-01 3.711027091556784452e-01 7.210360383598645173e-01
1.839533502204600546e-01 3.759734133621488450e-01 7.265392429629792259e-01
1.838789367836479172e-01 3.808727453077130898e-01 7.319044148803843797e-01
1.836478305577610437e-01 3.858009282297862330e-01 7.371306948207058118e-01
1.832534756620099181e-01 3.907581066733463171e-01 7.422173331789815309e-01
1.826889240087873623e-01 3.957443488686610000e-01 7.471636890706668810e-01
1.819467738278390256e-01 4.007596493624229206e-01 7.519692290311065230e-01
1.810190973812209614e-01 4.058039318701148201e-01 7.566335254082844353e-01
1.798973555930154511e-01 4.108770523176542566e-01 7.611562544763583738e-01
1.785722966907004883e-01 4.159788020409518894e-01 7.655371942970158328e-01
1.770338351241196873e-01 4.211089111129355800e-01 7.697762223550317362e-01
1.752709059143437997e-01 4.262670517687564553e-01 7.738733129935729815e-01
1.732712880740166494e-01 4.314528419012990113e-01 7.778285346738738060e-01
1.710213886642590053e-01 4.366658486007229389e-01 7.816420470828526756e-01
1.685059761583288795e-01 4.419055917134687150e-01 7.853140981111220720e-01
1.657078476819544566e-01 4.471715473980155120e-01 7.888450207226710420e-01
1.626074087929608447e-01 4.524631516565645883e-01 7.922352297362783569e-01
1.591821357883463073e-01 4.577798038237584910e-01 7.954852185374703399e-01
1.554058775187178443e-01 4.631208699954965646e-01 7.985955557386001935e-01
1.512479337185112238e-01 4.684856863828151807e-01 8.015668818033657717e-01
1.466718153766060906e-01 4.738735625776739346e-01 8.043999056508623902e-01
1.416335415288084709e-01 4.792837847193306411e-01 8.070954012530537902e-01
1.360792408764981420e-01 4.847156185516928728e-01 8.096542042383724214e-01
1.299416762471489739e-01 4.901683123637103345e-01 8.120772085130122386e-01
1.231350343488821775e-01 4.956410998064239570e-01 8.143653629103936309e-01
1.155467896686895590e-01 5.011332025817181179e-01 8.165196678782142836e-01
1.070243466093966228e-01 5.066438329991912459e-01 8.185411722115061295e-01
9.735167889969148503e-02 5.121721963987678761e-01 8.204309698391687444e-01
8.620496965684190660e-02 5.177174934378060422e-01 8.221901966705413844e-01
7.305834139699024510e-02 5.232789222424584219e-01 8.238200275077370849e-01
5.694755891534405284e-02 5.288556804239454845e-01 8.253216730286647707e-01
3.578147835917094149e-02 5.344469669612093021e-01 8.266963768449294703e-01
1.133344946291808819e-02 5.400519839520965260e-01 8.279454126380958456e-01
0.000000000000000000e+00 5.456699382358348727e-01 8.290700813771734179e-01
0.000000000000000000e+00 5.513000428900844962e-01 8.300717086195972261e-01
0.000000000000000000e+00 5.569415186062723899e-01 8.309516418973965646e-01
0.000000000000000000e+00 5.625935949472739006e-01 8.317112481897910303e-01
0.000000000000000000e+00 5.682555114918004247e-01 8.323519114829693866e-01
0.000000000000000000e+00 5.739265188700648501e-01 8.328750304173836438e-01
0.000000000000000000e+00 5.796058796954539627e-01 8.332820160225425932e-01
0.000000000000000000e+00 5.852928693970674834e-01 8.335742895389146589e-01
0.000000000000000000e+00 5.909867769580325891e-01 8.337532803262739378e-01
0.000000000000000000e+00 5.966869055645218634e-01 8.338204238575167571e-01
0.000000000000000000e+00 6.023925731703954067e-01 8.337771597967769122e-01
0.000000000000000000e+00 6.081031129823570858e-01 8.336249301603883000e-01
0.000000000000000000e+00 6.138178738703981008e-01 8.333651775591337518e-01
0.000000000000000000e+00 6.195362207082606432e-01 8.329993435199651852e-01
0.000000000000000000e+00 6.252575346484966490e-01 8.325288668853209062e-01
0.000000000000000000e+00 6.309812133365814146e-01 8.319551822879741598e-01
0.000000000000000000e+00 6.367066710683931818e-01 8.312797186992917364e-01
0.000000000000000000e+00 6.424333388952288004e-01 8.305038980486596500e-01
0.000000000000000000e+00 6.481606646803333982e-01 8.296291339117880526e-01
0.000000000000000000e+00 6.537627691546885611e-01 8.272411531948720143e-01
0.000000000000000000e+00 6.592036849912980001e-01 8.234894664106779949e-01
0.000000000000000000e+00 6.645958990806918321e-01 8.198374924018810850e-01
0.000000000000000000e+00 6.699317979339526330e-01 8.162760750739287419e-01
0.000000000000000000e+00 6.752117597609952337e-01 8.128045531753268493e-01
0.000000000000000000e+00 6.804369568869431673e-01 8.094230677102645100e-01
0.000000000000000000e+00 6.856085296285414632e-01 8.061316899132223712e-01
0.000000000000000000e+00 6.907275845104693390e-01 8.029304279461779714e-01
0.000000000000000000e+00 6.957951929966663673e-01 7.998192332152668227e-01
0.000000000000000000e+00 7.008123906392013103e-01 7.967980062918822437e-01
0.000000000000000000e+00 7.057801765665570048e-01 7.938666024354831263e-01
0.000000000000000000e+00 7.106995132479555499e-01 7.910248367236757394e-01
0.000000000000000000e+00 7.155713264819539843e-01 7.882724888006688024e-01
0.000000000000000000e+00 7.203965055666828876e-01 7.856093072588188342e-01
0.000000000000000000e+00 7.251759036164491246e-01 7.830350136702264319e-01
0.000000000000000000e+00 7.299103379953878479e-01 7.805493062866434295e-01
0.000000000000000000e+00 7.346005908437102105e-01 7.781518634265341960e-01
0.000000000000000000e+00 7.392474096761206814e-01 7.758423465682396936e-01
0.000000000000000000e+00 7.438515080352977593e-01 7.736204031679718707e-01
0.000000000000000000e+00 7.484135661861041067e-01 7.714856692208478250e-01
0.000000000000000000e+00 7.529342318385470190e-01 7.694377715825828634e-01
0.000000000000000000e+00 7.574141208894132893e-01 7.674763300686456846e-01
0.000000000000000000e+00 7.618538181742049442e-01 7.656009593469210728e-01
0.000000000000000000e+00 7.658127515939727736e-01 7.633155426281122979e-01
0.000000000000000000e+00 7.695918754863952937e-01 7.609431492617871884e-01
0.000000000000000000e+00 7.733396146003792548e-01 7.586483783001035652e-01
0.000000000000000000e+00 7.770561141987867293e-01 7.564313304849201725e-01
0.000000000000000000e+00 7.807415078048570711e-01 7.542921303679903655e-01
0.000000000000000000e+00 7.843959180265590581e-01 7.522309248847381946e-01
0.000000000000000000e+00 7.880194573343518583e-01 7.502478819814046851e-01
0.000000000000000000e+00 7.916122287951232739e-01 7.483431892929662821e-01
0.000000000000000000e+00 7.951743267648596625e-01 7.465170528694543561e-01
0.000000000000000000e+00 7.987058375424155310e-01 7.447696959485624602e-01
0.000000000000000000e+00 8.022068399866174593e-01 7.431013577726287567e-01
0.000000000000000000e+00 8.056774060987331731e-01 7.415122924482805411e-01
0.000000000000000000e+00 8.091176015722538750e-01 7.400027678471770010e-01
0.000000000000000000e+00 8.125274863117587509e-01 7.385730645464718691e-01
0.000000000000000000e+00 8.159071149225310959e-01 7.372234748077217681e-01
0.000000000000000000e+00 8.192565371724939149e-01 7.359543015931107046e-01
0.000000000000000000e+00 8.225757984279056245e-01 7.347658576179625367e-01
0.000000000000000000e+00 8.258649400641921989e-01 7.336584644385989451e-01
0.000000000000000000e+00 8.291239998531735322e-01 7.326324515747011379e-01
5.160935236781644120e-02 8.323530123278883863e-01 7.316881556653902496e-01
9.254205408304232161e-02 8.355520091261343651e-01 7.308259196583039019e-01
1.223677195487426900e-01 8.387210193137818459e-01 7.300460920310123392e-01
1.470000033058036504e-01 8.418600696888360879e-01 7.293490260441372053e-01
1.685076642317163975e-01 8.449691850672039761e-01 7.287350790255853195e-01
1.878940866679598976e-01 8.480483885510173847e-01 7.282046116853282403e-01
2.057325478709432220e-01 8.510977017803644795e-01 7.277579874601859400e-01
2.223854088408570018e-01 8.541171451692086691e-01 7.273955718880651400e-01
2.380981092699336332e-01 8.571067381262241769e-01 7.271177320111258391e-01
2.530454993644472572e-01 8.600664992612745419e-01 7.269248358073514549e-01
2.673570334929583625e-01 8.629964465781869709e-01 7.268172516499633584e-01
2.811315129383825107e-01 8.658965976544579224e-01 7.267953477941562213e-01
2.944462204468991096e-01 8.687669698085044301e-01 7.268594918905739721e-01
3.073628455764618739e-01 8.716075802550242724e-01 7.270100505249500467e-01
3.199314758769124523e-01 8.744184462490226517e-01 7.272473887833359463e-01
3.321933713597611804e-01 8.771995852190243026e-01 7.275718698422598552e-01
3.441829455355934209e-01 8.799510148899699624e-01 7.279838545832068020e-01
3.559292129142252459e-01 8.826727533962842598e-01 7.284837012307384674e-01
3.674568680935580978e-01 8.853648193855622184e-01 7.290717650135614125e-01
3.787871045039717943e-01 8.880272321133233504e-01 7.297483978478296329e-01
3.899382453889979616e-01 8.906600115292420128e-01 7.305139480419464704e-01
4.009262368974770285e-01 8.932631783552702487e-01 7.313687600220891705e-01
4.117650382643819329e-01 8.958367541560336988e-01 7.323131740776904763e-01
4.224669340606039825e-01 8.983807614018717302e-01 7.333475261260542499e-01
4.330427866477278287e-01 9.008952235248745000e-01 7.344721474953018747e-01
4.435022422017832477e-01 9.033801649682761115e-01 7.356873647247896830e-01
4.538539002881685769e-01 9.058356112295100626e-01 7.369934993821721791e-01
4.641054545362522377e-01 9.082615888972583873e-01 7.383908678962367578e-01
4.742638101873290490e-01 9.106581256827916970e-01 7.398797814046478294e-01
4.843351829782888140e-01 9.130252504458962193e-01 7.414605456157453700e-01
4.943251828435049622e-01 9.153629932156559512e-01 7.431334606835111600e-01
5.042388851770972513e-01 9.176713852063681509e-01 7.448988210948620514e-01
5.140808918327897103e-01 9.199504588288511808e-01 7.467569155684091742e-01
5.238553836037544986e-01 9.222002476973728546e-01 7.487080269638379804e-01
5.335661655866075215e-01 9.244207866324514189e-01 7.507524322010969975e-01
5.432167065691787533e-01 9.266121116597494378e-01 7.528904021885783893e-01
5.528101733727911471e-01 9.287742600052677489e-01 7.551222017595123903e-01
5.623494609136456823e-01 9.309072700870580919e-01 7.574480896158173326e-01
5.718372186152087533e-01 9.330111815036302714e-01 7.598683182786878376e-01
5.812758736963921091e-01 9.350860350192514714e-01 7.623831340451999727e-01
5.906676517736542120e-01 9.371318725463230193e-01 7.649927769503013231e-01
6.000145951447114490e-01 9.391487371249713778e-01 7.676974807335416040e-01
6.093185790634757515e-01 9.411366729000426590e-01 7.704974728099618364e-01
6.185813262684379810e-01 9.430957250956299998e-01 7.733929742445960764e-01
6.278044199872145903e-01 9.450259399872871224e-01 7.763841997300870990e-01
6.369893156073165308e-01 9.469273648720445413e-01 7.794713575669408590e-01
6.461373511758484733e-01 9.488000480363717459e-01 7.826546496460143887e-01
6.552497568679818141e-01 9.506440387221821720e-01 7.859342714328558799e-01
6.643276635447358247e-01 9.524593870910067483e-01 7.893104119535672147e-01
6.733721105044043753e-01 9.542461441864221738e-01 7.927832537819067271e-01
6.823840525180973060e-01 9.560043618948376176e-01 7.963529730273759544e-01
6.913643662281641067e-01 9.577340929047183371e-01 8.000197393241081922e-01
7.003138559782517980e-01 9.594353906643328100e-01 8.037837158203811061e-01
7.092332591351707682e-01 9.611083093380869968e-01 8.076450591686421543e-01
7.181232509553292509e-01 9.627529037615276675e-01 8.116039195159664432e-01
7.269844490422457950e-01 9.643692293950496541e-01 8.156604404948879505e-01
7.358174174360561093e-01 9.659573422763871875e-01 8.198147592146212137e-01
7.446226703712346406e-01 9.675172989719249550e-01 8.240670062526561646e-01
7.534006757346558558e-01 9.690491565268600782e-01 8.284173056468135954e-01
7.621518582524251517e-01 9.705529724142818448e-01 8.328657748878148803e-01
7.708766024308689735e-01 9.720288044831750796e-01 8.374125249124826365e-01
7.795752552743046015e-01 9.734767109053750200e-01 8.420576600976936721e-01
7.882481287997095132e-01 9.748967501215255460e-01 8.468012782552302165e-01
7.968955023664963111e-01 9.762889807860138935e-01 8.516434706276924116e-01
8.055176248374765757e-01 9.776534617109338132e-01 8.565843218856497021e-01
8.141147165856418288e-01 9.789902518090739525e-01 8.616239101262207489e-01
8.226869713599044287e-01 9.802994100359222474e-01 8.667623068732767111e-01
8.312345580215209084e-01 9.815809953307200741e-01 8.719995770794772838e-01
8.397576221619582615e-01 9.828350665565355193e-01 8.773357791303477704e-01
8.482562876118263651e-01 9.840616824393647599e-01 8.827709648506030238e-01
8.567306578495692548e-01 9.852609015062623321e-01 8.883051795129367489e-01
8.651808173179263983e-01 9.864327820224675358e-01 8.939384618494818913e-01
8.736068326553202423e-01 9.875773819275333043e-01 8.996708440661431716e-01
8.820087538486998113e-01 9.886947587704418838e-01 9.055023518600023857e-01
8.903866153138855211e-01 9.897849696436681333e-01 9.114330044399912012e-01
8.987404369087605982e-01 9.908480711162034327e-01 9.174628145510015376e-01
9.070702248844072502e-01 9.918841191654773626e-01 9.235917885016154960e-01
9.153759727785989453e-01 9.928931691081945843e-01 9.298199261956061612e-01
9.236576622559110605e-01 9.938752755300275243e-01 9.361472211673561583e-01
9.319152638982481918e-01 9.948304922141513185e-01 9.425736606213326318e-01
9.401487379492473595e-01 9.957588720685900396e-01 9.490992254757187885e-01
9.483580350158501426e-01 9.966604670523337983e-01 9.557238904103290134e-01
9.565430967299261011e-01 9.975353281002081740e-01 9.624476239188715088e-01
9.647038563727395877e-01 9.983835050464421323e-01 9.692703883656476060e-01
9.728402394647469587e-01 9.992050465469073384e-01 9.761921400467253873e-01
9.809521643230173504e-01 1.000000000000000000e+00 9.832128292556535643e-01
