3.236394696221039924e-02 3.739767530676960106e-02 7.294475472233492852e-02
3.678284479947757646e-02 4.370368825216108810e-02 8.424710378926301979e-02
4.145100993490187513e-02 5.001303194280261322e-02 9.445775012606290322e-02
4.607244898669159844e-02 5.628622780552741678e-02 1.038971693659745538e-01
5.051616203402062993e-02 6.251330897592323466e-02 1.129223242163855945e-01
5.474571626544636610e-02 6.865846314955709184e-02 1.219228268704372897e-01
5.880824629796998354e-02 7.471976577364801420e-02 1.308812643252420804e-01
6.271236809789984545e-02 8.070443456558054618e-02 1.397967080195783307e-01
6.648529218197346546e-02 8.661057554577265838e-02 1.486800365578009875e-01
7.013355962583586733e-02 9.244553734754897001e-02 1.575208523481563261e-01
7.369003057887289765e-02 9.820520952894200295e-02 1.663236829220248736e-01
7.715090853418500594e-02 1.038959967707442644e-01 1.750958783741561331e-01
8.052665503199668562e-02 1.095203387285968583e-01 1.838375058677673701e-01
8.382752009540941907e-02 1.150802986856425264e-01 1.925484765749778948e-01
8.706173483337274754e-02 1.205780928113212441e-01 2.012290144559477634e-01
9.022907661405701885e-02 1.260177406970526826e-01 2.098812329030190771e-01
9.329472242995290321e-02 1.314221598224736554e-01 2.184500523390142113e-01
9.620078672636322992e-02 1.368255141433285527e-01 2.268473074331707195e-01
9.895514781997112597e-02 1.422270823515048854e-01 2.350783143896105765e-01
1.015604328749570018e-01 1.476283978228735139e-01 2.431420579493708545e-01
1.040183877157602882e-01 1.530310038492162517e-01 2.510372756440930608e-01
1.063299659330672747e-01 1.584364339899977103e-01 2.587625209127042414e-01
1.084954042526301010e-01 1.638461938369917548e-01 2.663162190066753476e-01
1.105142859338097139e-01 1.692617444263962434e-01 2.736967164383566908e-01
1.123855935148639767e-01 1.746844874320848395e-01 2.809023245956532300e-01
1.141077518591106510e-01 1.801157522048633663e-01 2.879313580453182198e-01
1.156786621574007884e-01 1.855567846739527293e-01 2.947821679709073384e-01
1.170957272894556228e-01 1.910087380908898624e-01 3.014531711348356069e-01
1.183558687232597884e-01 1.964726655682382528e-01 3.079428747124555166e-01
1.194555349236955805e-01 2.019495143432980533e-01 3.142498973157641928e-01
1.203907010353567897e-01 2.074401216789770186e-01 3.203729865021455181e-01
1.211568593860902071e-01 2.129452122993789609e-01 3.263110330468473874e-01
1.217490001124493376e-01 2.184653972460991189e-01 3.320630822447830921e-01
1.221615809185801066e-01 2.240011740324577005e-01 3.376283424962416846e-01
1.223884846248263769e-01 2.295529279668040157e-01 3.430061914210412732e-01
1.224229627137932847e-01 2.351209345124573580e-01 3.481961797359322541e-01
1.222575625029177493e-01 2.407053625505820027e-01 3.531980331200321177e-01
1.218840348125230372e-01 2.463062784130642391e-01 3.580116522824999814e-01
1.212932179836607310e-01 2.519236505550728200e-01 3.626371114353410530e-01
1.204748927266428293e-01 2.575573547408577246e-01 3.670746553620476416e-01
1.194176003930510488e-01 2.632071796212616666e-01 3.713246952596090944e-01
1.181084146288874787e-01 2.688728325866756586e-01 3.753878035172121264e-01
1.165326526281317554e-01 2.745539457841102982e-01 3.792647075792893729e-01
1.146735068061898177e-01 2.802500821907824569e-01 3.829562830230395787e-01
1.125115697611013821e-01 2.859607416376115374e-01 3.864635459600674894e-01
1.100242134258996307e-01 2.916853666720460869e-01 3.897876448463527543e-01
1.071847648787398605e-01 2.974233481365410325e-01 3.929298517506831789e-01
1.039613920971695221e-01 3.031740303091153832e-01 3.958915530813476025e-01
1.003155653484853471e-01 3.089367153898867069e-01 3.986742396888047213e-01
9.619987958416960361e-02 3.147106669877662855e-01 4.012794961135705551e-01
9.155488226794901430e-02 3.204951119821523586e-01 4.037089884511123605e-01
8.631438591884174616e-02 3.262883434480297051e-01 4.059635445799872899e-01
8.037722164245120204e-02 3.320897575072311869e-01 4.080451942585616720e-01
7.361814687671411339e-02 3.378977453949335019e-01 4.099550358013294704e-01
6.583747320758573385e-02 3.437120600155503247e-01 4.116956091711606036e-01
5.674721077624818311e-02 3.495315069482246018e-01 4.132685560685637194e-01
4.900730248493214564e-02 3.551930331822143461e-01 4.145126637059753927e-01
4.872592984525012799e-02 3.604250522517304933e-01 4.151580384122734446e-01
4.850126834829214528e-02 3.656458933522542254e-01 4.156297750905422750e-01
4.825435688686269264e-02 3.708593303624485027e-01 4.159349768737765074e-01
4.798531320958807078e-02 3.760649813975383560e-01 4.160765323248815650e-01
4.769426159521854280e-02 3.812624711957637857e-01 4.160573304924258253e-01
4.738133150807414401e-02 3.864514327169660257e-01 4.158802529740034948e-01
4.704665621272137443e-02 3.916315085381524286e-01 4.155481663620536059e-01
4.669037135665028704e-02 3.968023520582741326e-01 4.150639150660274668e-01
4.631261352759350608e-02 4.019636285246292462e-01 4.144303145013403800e-01
4.591351879155867316e-02 4.071150158932684282e-01 4.136501446324683529e-01
4.550074962287169178e-02 4.122563024207126503e-01 4.127216626579780501e-01
4.518194998555695452e-02 4.173901716294833308e-01 4.115674219949663759e-01
4.484615006417471544e-02 4.225163717789439666e-01 4.102403730009500094e-01
4.449342161319028849e-02 4.276346979787720715e-01 4.087408669558992846e-01
4.412383613772680874e-02 4.327449431496019350e-01 4.070692320667094743e-01
4.373746465183477039e-02 4.378468984254356156e-01 4.052257713152121466e-01
4.333437741580095648e-02 4.429403535325602825e-01 4.032107600274233983e-01
4.291464365162542260e-02 4.480250971463329290e-01 4.010244431301967505e-01
4.247833123524577537e-02 4.531009172271083241e-01 3.986670320563638903e-01
4.202550636366904346e-02 4.581676013364788247e-01 3.961387012535673713e-01
4.155623319538363780e-02 4.632249369348869772e-01 3.934395842450968406e-01
4.107057346169153828e-02 4.682727116615884033e-01 3.905697691830454787e-01
4.056603644460812091e-02 4.733107135978550928e-01 3.875292938246194252e-01
4.004216343662078681e-02 4.783387315142278440e-01 3.843181398513547120e-01
3.950605416556088323e-02 4.833565551025657547e-01 3.809362264378302054e-01
3.895813029300634195e-02 4.883639751935341944e-01 3.773834029608725271e-01
3.839881690287021837e-02 4.933607839601435452e-01 3.736594407216584646e-01
3.782854184841598355e-02 4.983467751078721752e-01 3.697640235308862766e-01
3.724773509027733132e-02 5.033217440518382713e-01 3.656967369804772217e-01
3.665682802572510501e-02 5.082854880814503540e-01 3.614570561930464110e-01
3.605625280855990350e-02 5.132378065128967437e-01 3.570443318013126199e-01
3.544644165928925728e-02 5.181785008298078754e-01 3.524577738620646716e-01
3.482782616556760052e-02 5.231073748123449274e-01 3.476964333510204619e-01
3.420083657137156646e-02 5.280242346549884891e-01 3.427591808132530171e-01
3.356590105492372744e-02 5.329288890732036821e-01 3.376446816550693342e-01
3.292344499411050535e-02 5.378211493991734704e-01 3.323513674526848982e-01
3.227389021791460255e-02 5.427008296667638065e-01 3.268774025144033368e-01
3.161765424326724860e-02 5.475677466858405174e-01 3.212206447580491786e-01
3.095514949513917397e-02 5.524217201060932503e-01 3.153785997428573129e-01
3.028678250877206088e-02 5.572625724704755035e-01 3.093483664098360952e-01
2.961295311159791582e-02 5.620901292584133957e-01 3.031265727159657142e-01
2.893405358300010083e-02 5.669042189189300585e-01 2.967092988668417752e-01
2.825046778959468263e-02 5.717046728938440792e-01 2.900919852192352932e-01
2.756257029280761647e-02 5.764913256312648171e-01 2.832693210826421337e-01
2.687072542595035987e-02 5.812640145895916488e-01 2.762351095151989733e-01
2.617528633751595862e-02 5.860225802322620581e-01 2.689821016652418351e-01
2.547659399551929771e-02 5.907668660135296790e-01 2.615017920784035721e-01
2.477497614893034439e-02 5.954967183554735755e-01 2.537841634058162210e-01
2.407074623985885203e-02 6.002119866163817541e-01 2.458173647038182918e-01
2.336420225862062203e-02 6.049125230504500683e-01 2.375873013714920046e-01
2.265562553216471722e-02 6.095981827583072388e-01 2.290771057085207452e-01
2.194527943282191529e-02 6.142688236271570679e-01 2.202664434176444530e-01
2.123340798843480204e-02 6.189243062580072063e-01 2.111305903009280671e-01
2.052023436709824594e-02 6.235644938751601085e-01 2.016391799994852463e-01
1.980595919493238072e-02 6.281892522091065967e-01 1.917544690682137787e-01
1.909075864143369716e-02 6.327984493368062902e-01 1.814288734129485270e-01
1.837478216329914080e-02 6.373919554503136853e-01 1.706013677012715168e-01
1.765814971794061120e-02 6.419696425001566453e-01 1.591920396863893972e-01
1.694094810090218672e-02 6.465313836113566470e-01 1.470935066384875534e-01
1.622322573349151836e-02 6.510770520678232920e-01 1.341566799447982405e-01
1.550498448372952982e-02 6.556065194273479335e-01 1.201655894924680418e-01
1.478616521748139269e-02 6.601196517343410619e-01 1.047889561059874713e-01
1.406661824170749205e-02 6.646163010368215662e-01 8.747564798982598866e-02
1.334602959592204319e-02 6.690962829344021534e-01 6.718710672632002834e-02
1.262263146503666764e-02 6.735589468845988304e-01 4.153027295982741202e-02
1.189057210535474259e-02 6.780024235570711877e-01 1.133095730421155092e-02
1.061617970169354344e-02 6.822461159331237868e-01 5.869542787418248822e-03
9.817142518497060447e-03 6.864300100022122653e-01 5.431608908250084612e-03
9.058465873994864248e-03 6.906052143949175104e-01 5.015942397185588035e-03
8.511265779204158291e-03 6.947673136606649091e-01 4.716222525109488826e-03
8.045347162298530086e-03 6.989199237155969691e-01 4.461079882555352323e-03
7.580723980412599344e-03 7.030652453815456893e-01 4.206699380111414942e-03
7.117646648834258065e-03 7.072033433586089046e-01 3.953215402301063497e-03
6.649389959946900956e-03 7.113344599449705763e-01 3.696944905080780039e-03
6.175975420512972748e-03 7.154586596127532339e-01 3.437898990720782318e-03
5.697424339091288446e-03 7.195760057996628545e-01 3.176088661598177373e-03
5.213757830657780694e-03 7.236865609326850191e-01 2.911524822350435113e-03
4.724996820959248035e-03 7.277903864510750775e-01 2.644218282301110702e-03
4.231862376358013628e-03 7.318875255478082265e-01 2.374562697016822932e-03
3.745038439478990105e-03 7.359777769073002629e-01 2.108398372877029643e-03
3.254815738580355607e-03 7.400614417667106260e-01 1.840414448167951387e-03
2.761234656802657398e-03 7.441385781067287875e-01 1.570632052447869589e-03
2.264329103812878254e-03 7.482092431695588353e-01 1.299068791670126167e-03
1.764126968673473440e-03 7.522734934624204506e-01 1.025738997533353659e-03
1.260650517311715044e-03 7.563313847624586472e-01 7.506539467324951313e-04
7.539167499379025592e-04 7.603829721226442739e-01 4.738220574592571783e-04
2.449749860689977299e-02 7.639556961719653483e-01 2.664302511874337633e-04
8.645787377378592875e-02 7.664552880254950074e-01 0.000000000000000000e+00
1.261275535266053738e-01 7.687977952301329188e-01 1.121395679721090902e-02
1.576885798908239378e-01 7.710032383493025110e-01 3.225471183433196304e-02
1.849621239866403588e-01 7.731327350787002839e-01 5.292173076013763355e-02
2.094867801558325804e-01 7.751892869220781135e-01 7.004574308997436882e-02
2.320682925291911169e-01 7.771761669758929791e-01 8.487728068108117696e-02
2.531853543942444440e-01 7.790960687441310650e-01 9.820859028603480534e-02
2.731473099508999192e-01 7.809516870810688793e-01 1.104717026635511218e-01
2.921661676486667081e-01 7.827457319778255984e-01 1.219314133215911866e-01
3.103937528521346634e-01 7.844809299706534400e-01 1.327631680404398329e-01
3.279425756145719628e-01 7.861600207386336692e-01 1.430899117204100235e-01
3.448983357158575958e-01 7.877857517443863644e-01 1.530015329559997750e-01
3.613278090423275302e-01 7.893608721595994915e-01 1.625659817789295858e-01
3.772840311701938232e-01 7.908881266675715782e-01 1.718360309978392286e-01
3.928098228547465265e-01 7.923702494414537334e-01 1.808535948314035913e-01
4.079402575774779827e-01 7.938099584522633201e-01 1.896525997797767482e-01
4.227044312830687267e-01 7.952099501846224827e-01 1.982609575151047243e-01
4.371267585628886843e-01 7.965728947958140571e-01 2.067019592265260108e-01
4.512279394535301802e-01 7.979014317292338898e-01 2.149952850074400568e-01
4.650256921387048714e-01 7.991981657786531024e-01 2.231577498948081051e-01
4.785353160888350388e-01 8.004656635907257956e-01 2.312038653594456761e-01
4.917701302970479693e-01 8.017064505876477787e-01 2.391462687052791636e-01
5.047418181160366890e-01 8.029230082886046338e-01 2.469960561410034505e-01
5.174607013076483186e-01 8.041177720066499113e-01 2.547630444261412830e-01
5.299359597885707762e-01 8.052931288967112300e-01 2.624559787608861661e-01
5.421758092585542421e-01 8.064514163301065297e-01 2.700826996714190131e-01
5.541876458372441139e-01 8.075949205710505341e-01 2.776502782354243748e-01
5.659781646239304687e-01 8.087258757311051038e-01 2.851651265916641531e-01
5.775534574753479200e-01 8.098464629782325952e-01 2.926330889591936546e-01
5.889190940968536125e-01 8.109588099778894943e-01 3.000595171446166498e-01
6.000801896425473902e-01 8.120649905447036021e-01 3.074493335986549503e-01
6.110414613394946626e-01 8.131670244841653350e-01 3.148070844007295754e-01
6.218072761300538209e-01 8.142668776050162593e-01 3.221369840367511728e-01
6.323816909252131246e-01 8.153664618840188449e-01 3.294429534449030972e-01
6.427684867491817444e-01 8.164676357660123340e-01 3.367286525046048751e-01
6.529711978107916037e-01 8.175722045832716223e-01 3.439975079119174106e-01
6.629931363441249337e-01 8.186819210792479762e-01 3.512527372035516571e-01
6.728374139069950299e-01 8.197984860229211579e-01 3.584973695492653656e-01
6.825069597030862800e-01 8.209235489010393572e-01 3.657342638195082984e-01
6.920045363949058892e-01 8.220587086764653550e-01 3.729661243452236374e-01
7.013327537944580303e-01 8.232055146019138236e-01 3.801955147143956104e-01
7.104940807537227787e-01 8.243654670792381900e-01 3.874248698916052391e-01
7.194908555238865855e-01 8.255400185552804748e-01 3.946565068994591363e-01
7.283252948085059408e-01 8.267305744462016825e-01 4.018926342620497416e-01
7.369995017001162996e-01 8.279384940828746764e-01 4.091353603788895343e-01
7.455154726596923132e-01 8.291650916708012131e-01 4.163867009715786494e-01
7.538751036741171418e-01 8.304116372585063077e-01 4.236485857238133090e-01
7.620801957057290466e-01 8.316793577091932121e-01 4.309228642173025814e-01
7.701324595312343257e-01 8.329694376708675074e-01 4.382113112511791808e-01
7.780335200525347883e-01 8.342830205407888444e-01 4.455156316198093380e-01
7.857849201501200254e-01 8.356212094205232033e-01 4.528374644134013360e-01
7.933881241391518291e-01 8.369850680584239866e-01 4.601783868968044588e-01
8.008445208800357706e-01 8.383756217766863417e-01 4.675399180143374744e-01
8.081554265876826904e-01 8.397938583805834023e-01 4.749235215620842276e-01
8.153220873776314548e-01 8.412407290477855737e-01 4.823306090636076959e-01
8.223456815817493659e-01 8.427171491960290250e-01 4.897625423803067535e-01
8.292273218618430031e-01 8.442239993276466903e-01 4.972206360837539973e-01
8.359680571456891141e-01 8.457621258497252104e-01 5.047061596137853989e-01
8.425688744065178426e-01 8.473323418689401310e-01 5.122203392432465030e-01
8.490180855460419673e-01 8.489239961929379019e-01 5.200256031460220862e-01
8.551488395620343574e-01 8.503747545032821487e-01 5.317068294615484580e-01
8.611580294219183251e-01 8.518547499475621620e-01 5.432818252330250397e-01
8.670450408265486519e-01 8.533655759641880501e-01 5.547519340200511850e-01
8.728092809850152012e-01 8.549087994354953590e-01 5.661181854144664571e-01
8.784501799754561580e-01 8.564859580386958715e-01 5.773813379214235431e-01
8.839671918572837850e-01 8.580985577086873706e-01 5.885419159760165719e-01
8.893597955498214747e-01 8.597480702203151859e-01 5.996002419818247109e-01
8.946274954923677525e-01 8.614359308966339501e-01 6.105564641023631944e-01
8.997698221002617958e-01 8.631635364488918771e-01 6.214105804122652676e-01
9.047863320314275537e-01 8.649322429529413547e-01 6.321624599150261758e-01
9.096766082774493389e-01 8.667433639659407607e-01 6.428118608532592537e-01
9.144402600930748859e-01 8.685981687862182055e-01 6.533584466713990846e-01
9.190769227775453798e-01 8.704978808583727634e-01 6.638017999367185062e-01
9.235862573210175119e-01 8.724436763247106486e-01 6.741414344799427916e-01
9.279679499286606070e-01 8.744366827234238970e-01 6.843768059797843417e-01
9.322217114348304579e-01 8.764779778330294979e-01 6.945073211848318273e-01
9.363472766191592855e-01 8.785685886618769258e-01 7.045323459404718713e-01
9.403444034358919845e-01 8.807094905808672269e-01 7.144512121666491966e-01
9.442128721673325176e-01 8.829016065968463556e-01 7.242632239138822037e-01
9.479524845117536236e-01 8.851458067635592508e-01 7.339676626091895528e-01
9.515630626154728544e-01 8.874429077265325594e-01 7.435637915901782691e-01
9.550444480582969131e-01 8.897936723977740714e-01 7.530508600139006470e-01
9.583965008009268649e-01 8.921988097557497222e-01 7.624281062171868184e-01
9.616190981022801898e-01 8.946589747657756053e-01 7.716947605963608847e-01
9.647121334141094406e-01 8.971747684156161640e-01 7.808500480667900367e-01
9.676755152597079634e-01 8.997467378608667854e-01 7.898931901559456126e-01
9.705091661027172023e-01 9.023753766745373772e-01 7.988234067779408365e-01
9.732130212116613110e-01 9.050611251950426706e-01 8.076399177322187706e-01
9.757870275250442038e-01 9.078043709667872330e-01 8.163419439646154574e-01
9.782311425212407707e-01 9.106054492674847678e-01 8.249287086247928391e-01
9.805453330970175241e-01 9.134646437162861066e-01 8.333994379505238470e-01
9.827295744575845760e-01 9.163821869569560574e-01 8.417533620059576283e-01
9.847838490208238316e-01 9.193582614103149586e-01 8.499897152980933068e-01
9.867081453377171130e-01 9.223930000902742510e-01 8.581077372930328018e-01
9.885024570301681468e-01 9.254864874780853734e-01 8.661066728511754853e-01
9.901667817474806288e-01 9.286387604493160364e-01 8.739857725983757319e-01
9.917011201415787403e-01 9.318498092485618667e-01 8.817442932481035500e-01
9.931054748611929384e-01 9.351195785068451283e-01 8.893814978878410438e-01
9.943798495642719448e-01 9.384479682970637837e-01 8.968966562413807075e-01
9.955242479479136097e-01 9.418348352229347631e-01 9.042890449171202549e-01
9.965386727943572609e-01 9.452799935372064866e-01 9.115579476511944668e-01
9.974231250313004837e-01 9.487832162851503881e-01 9.187026555529600458e-01
9.981776028046198679e-01 9.523442364694937323e-01 9.257224673593036357e-01
9.988021005609858394e-01 9.559627482333035164e-01 9.326166897031530345e-01
9.992966081376610799e-01 9.596384080575326436e-01 9.393846374006593614e-01
9.996611098566111631e-01 9.633708359701037560e-01 9.460256337606752775e-01
9.998955836194549640e-01 9.671596167637684927e-01 9.525390109193473398e-01
1.000000000000000000e+00 9.710043012200296753e-01 9.589241102019153695e-01
9.999743213303876610e-01 9.749044073367723051e-01 9.651802825132276276e-01
9.998185007769877508e-01 9.788594215573465096e-01 9.713068887578152344e-01
9.995324814019018733e-01 9.828687999990535218e-01 9.773033002898814381e-01
9.991161952056029083e-01 9.869319696792019370e-01 9.831688993930570719e-01
