7.443783869297775080e-02 6.370445924069657873e-02 9.368871070142744881e-03
8.531057687367174514e-02 7.396686042316157061e-02 1.113825901700560631e-02
9.590749800403684799e-02 8.394103845125187868e-02 1.299333372478730757e-02
1.062623744849838514e-01 9.366371602917672456e-02 1.493966025816543218e-02
1.164021711611288312e-01 1.031640053863235595e-01 1.698274394064629850e-02
1.263488750449524023e-01 1.124654886923863034e-01 1.912778400836077572e-02
1.361207276797895271e-01 1.215876148205016494e-01 2.137957929303601831e-02
1.457330850869631433e-01 1.305466690775353156e-01 2.374250594120339355e-02
1.551990356559753703e-01 1.393564659335809475e-01 2.622052909780183544e-02
1.645298551970739709e-01 1.480288561430861682e-01 2.881722974288725148e-02
1.737353492220281848e-01 1.565741059533385104e-01 3.153583721664129230e-02
1.828241151578550994e-01 1.650011859755786958e-01 3.437926268067316438e-02
1.918037464718224117e-01 1.733179948679756111e-01 3.735013120109746676e-02
2.006809938462701115e-01 1.815315350737758127e-01 4.045081141662416890e-02
2.094618940588097167e-01 1.896480526933899402e-01 4.368344242492615270e-02
2.181518742134375688e-01 1.976731501150549852e-01 4.704995786589863394e-02
2.267558369031760779e-01 2.056118776693073857e-01 5.055210735034997016e-02
2.352782304410116210e-01 2.134688089298611147e-01 5.419147545763457197e-02
2.437231072686307787e-01 2.212481031200345671e-01 5.796949854978266509e-02
2.520941729101524587e-01 2.289535572467725766e-01 6.188747964717518368e-02
2.603948272939488051e-01 2.365886499733441950e-01 6.594660159525896070e-02
2.686281998615989153e-01 2.441565787899826201e-01 7.014793873065697238e-02
2.767971795793884859e-01 2.516602917035532516e-01 7.449246723235197765e-02
2.849044407370621701e-01 2.591025144113598966e-01 7.898107432151493801e-02
2.929524652414597363e-01 2.664857737284478389e-01 8.361456645307860369e-02
3.009435619754292079e-01 2.738124178866120917e-01 8.839367662367854372e-02
3.088798836851976981e-01 2.810846342055602909e-01 9.331907090426638796e-02
3.167634417747943187e-01 2.883044645441792952e-01 9.839135429140181965e-02
3.245961193190388672e-01 2.954738188666100052e-01 1.036110759588068780e-01
3.323796825528746446e-01 3.025944871994261653e-01 1.089787339800235982e-01
3.401157910515931193e-01 3.096681502093033278e-01 1.144947795837526899e-01
3.478060067814803813e-01 3.166963885926451505e-01 1.201596209954454569e-01
3.554518021717959497e-01 3.236806914378173583e-01 1.259736269118625351e-01
3.630545673356141423e-01 3.306224636954110396e-01 1.319371296493738743e-01
3.706156165477291209e-01 3.375230328712221506e-01 1.380504280016527086e-01
3.781361940718278580e-01 3.443836550395072971e-01 1.443137898380411621e-01
3.856174794158461760e-01 3.512055202598125536e-01 1.507274544700024921e-01
3.930605920832431766e-01 3.579897574688177819e-01 1.572916348098210848e-01
4.004665958786308710e-01 3.647374389086575630e-01 1.640065193428210943e-01
4.078365028182662777e-01 3.714495841448091085e-01 1.708722739318985218e-01
4.151712766892645123e-01 3.781271637195478541e-01 1.778890434710025115e-01
4.224718362957053386e-01 3.847711024809571945e-01 1.850569534023065732e-01
4.297390584249560219e-01 3.913822826223714024e-01 1.923761111101750243e-01
4.369737805634363870e-01 3.979615464627360155e-01 1.998466072035713359e-01
4.441768033874116672e-01 4.045096989946542765e-01 2.074685166973172512e-01
4.513488930514482078e-01 4.110275102236190525e-01 2.152419001014721778e-01
4.584907832944036810e-01 4.175157173191908488e-01 2.231668044271409579e-01
4.656031773806088570e-01 4.239750265964501441e-01 2.312432641161720204e-01
4.726867498919090638e-01 4.304061153439531218e-01 2.394713019013937072e-01
4.797421483844151457e-01 4.368096335126407381e-01 2.478509296034350495e-01
4.867699949224011391e-01 4.431862052785207062e-01 2.563821488695189332e-01
4.937708875003739561e-01 4.495364304905922759e-01 2.650649518591281506e-01
5.007454013632507417e-01 4.558608860142280839e-01 2.738993218809290253e-01
5.076940902334806660e-01 4.621601269792014466e-01 2.828852339849739495e-01
5.146174874530797805e-01 4.684346879405767994e-01 2.920226555137737101e-01
5.215161070477735139e-01 4.746850839598518168e-01 3.013115466155301125e-01
5.283904447196784426e-01 4.809118116130194354e-01 3.107518607225036589e-01
5.347190939348479555e-01 4.872644460810047762e-01 3.155045635244473901e-01
5.405999406894393955e-01 4.937129345872894870e-01 3.159913807361091065e-01
5.464427545084032944e-01 5.001350356924845197e-01 3.155108580499553228e-01
5.522464919703655717e-01 5.065302528570848617e-01 3.138876285945845779e-01
5.580113045084689194e-01 5.128984612880576055e-01 3.109949152145706774e-01
5.637373883087769544e-01 5.192395236272195902e-01 3.066993414502514614e-01
5.694249807965772181e-01 5.255532920088868964e-01 3.008610056551587753e-01
5.750743575587633494e-01 5.318396102341957921e-01 2.933336346650859960e-01
5.806858294337156057e-01 5.380983159855109443e-01 2.839648072548249247e-01
5.862597396174374920e-01 5.443292430258318548e-01 2.725962385109370612e-01
5.917964607095891338e-01 5.505322233420334443e-01 2.590641164312579292e-01
5.972963916720217536e-01 5.567070892006141802e-01 2.431994820204858299e-01
6.027599547044631967e-01 5.628536750921447895e-01 2.248286441358103849e-01
6.081875920622835663e-01 5.689718195466834105e-01 2.037736204680025698e-01
6.135797628528756320e-01 5.750613668075845730e-01 1.798525963671384342e-01
6.189369398526426425e-01 5.811221683555061190e-01 1.528803937369473398e-01
6.242596063872261070e-01 5.871540842782640990e-01 1.226689429006187909e-01
6.295482533151680604e-01 5.931569844854331919e-01 8.902775114087098374e-02
6.348033761504066064e-01 5.991307497693499906e-01 5.176436249161123215e-02
6.400254723530233170e-01 6.050752727164758760e-01 1.068480426105902423e-02
6.452150388109948453e-01 6.109904584749074052e-01 3.440598334348525522e-02
6.503725695290974995e-01 6.168762253852166921e-01 7.132348844669293697e-02
6.554985535346909975e-01 6.227325054828855011e-01 9.867333751599630109e-02
6.605934730044900061e-01 6.285592448812374888e-01 1.219464617023951619e-01
6.656578016113910978e-01 6.343564040442327689e-01 1.429205065149179166e-01
6.706920030863853244e-01 6.401239579585848993e-01 1.624236889228101999e-01
6.756965299872398356e-01 6.458618962146626119e-01 1.809152044343796673e-01
6.806718226632519908e-01 6.515702230053576072e-01 1.986778093201518047e-01
6.856183084035263331e-01 6.572489570518059709e-01 2.158983313158833461e-01
6.905364007551990646e-01 6.628981314643718203e-01 2.327066133988842656e-01
6.954264989974142663e-01 6.685177935468150645e-01 2.491963731987250075e-01
7.002889877567136656e-01 6.741080045510070562e-01 2.654372559211247151e-01
7.051242367497160268e-01 6.796688393890013558e-01 2.814822205770166064e-01
7.099326006394232058e-01 6.852003863086966184e-01 2.973722844201463489e-01
7.147144189921205149e-01 6.907027465387723941e-01 3.131396901948679257e-01
7.194700163226969147e-01 6.961760339080205195e-01 3.288100895930777812e-01
7.241997022169497367e-01 7.016203744437219392e-01 3.444040900650972570e-01
7.289037715204483847e-01 7.070359059531998724e-01 3.599383765157507797e-01
7.335825045843751280e-01 7.124227775922503669e-01 3.754265413528993234e-01
7.382361675597012285e-01 7.177811494237258394e-01 3.908797096801169824e-01
7.428650127318220386e-01 7.231111919691881607e-01 4.063070175822570684e-01
7.474692788887103978e-01 7.284130857561819106e-01 4.217159831067130438e-01
7.520491917162941409e-01 7.336870208633748947e-01 4.371127975719295011e-01
7.566049642155349142e-01 7.389331964655366791e-01 4.525025568431112477e-01
7.611367971363068863e-01 7.441518203800606690e-01 4.678894467699971083e-01
7.656448794237599165e-01 7.493431086165234234e-01 4.832768932024291142e-01
7.701293886733764360e-01 7.545072849305680673e-01 4.986676843322779829e-01
7.745904915914533229e-01 7.596445803832069243e-01 5.140640711989782341e-01
7.790283444581000971e-01 7.647552329065074872e-01 5.294678508069086131e-01
7.834430935902778614e-01 7.698394868764595333e-01 5.448804352804716977e-01
7.878348758027533538e-01 7.748975926937058389e-01 5.603029097211331688e-01
7.922038188650963875e-01 7.799298063727165831e-01 5.757360808571890809e-01
7.965500419531588161e-01 7.849363891398776216e-01 5.911805181407229215e-01
8.008736560937050886e-01 7.899176070408862049e-01 6.066365886111589889e-01
8.051747646010395387e-01 7.948737305577779910e-01 6.221044865852337624e-01
8.094534635047441196e-01 7.998050342358143938e-01 6.375842590304240387e-01
8.137098419676578320e-01 8.047117963204577507e-01 6.530758273192804886e-01
8.179439826935485103e-01 8.095942984045374491e-01 6.685790059355591897e-01
8.221559623238977599e-01 8.144528250857362428e-01 6.840935186020425940e-01
8.263458518234324535e-01 8.192876636344333940e-01 6.996190122188130633e-01
8.305137168540691617e-01 8.240991036719402807e-01 7.151550689351823253e-01
8.346596181370552481e-01 8.288874368591176989e-01 7.307012166252010443e-01
8.387836118031616328e-01 8.336529565953384457e-01 7.462569379931566216e-01
8.428857497308167579e-01 8.383959577277502184e-01 7.618216784997449142e-01
8.469660798721798667e-01 8.431167362707444601e-01 7.773948532701009384e-01
8.510246465671411631e-01 8.478155891355536600e-01 7.929758531204872396e-01
8.550614908453076923e-01 8.524928138698621982e-01 8.085640498200878934e-01
8.590766507160907395e-01 8.571487084073035057e-01 8.241588006873862282e-01
8.630701614469843408e-01 8.617835708267171935e-01 8.397594526063723031e-01
8.670420558302306402e-01 8.663976991210049494e-01 8.553653455358239954e-01
8.709923644379985452e-01 8.709913909754580796e-01 8.709758155747997499e-01
8.709973287204835213e-01 8.709865894352947224e-01 8.710031125629245086e-01
8.705650083736309330e-01 8.629807570414327333e-01 8.747294753900001218e-01
8.701105991502554593e-01 8.549352791938734653e-01 8.784447690578965906e-01
8.696331860970583083e-01 8.468495419364066024e-01 8.821479317512758156e-01
8.691318038631218323e-01 8.387229332885639543e-01 8.858378306798465607e-01
8.686054341042149796e-01 8.305548448361308456e-01 8.895132590163928876e-01
8.680530027701216511e-01 8.223446734987163165e-01 8.931729327411788155e-01
8.674733772723445258e-01 8.140918234902791983e-01 8.968154873960690887e-01
8.668653635300338500e-01 8.057957084897346967e-01 9.004394747527380005e-01
8.662277028924162403e-01 7.974557540400710742e-01 9.040433594005495843e-01
8.655590689366644552e-01 7.890714001957717105e-01 9.076255152609858934e-01
8.648580641408573078e-01 7.806421044397539033e-01 9.111842220370619527e-01
8.641232164324988974e-01 7.721673448925718830e-01 9.147176616078200873e-01
8.633529756141877787e-01 7.636466238381103278e-01 9.182239143798791581e-01
8.625457096691704351e-01 7.550794715916263611e-01 9.217009556101281031e-01
8.616997009509317351e-01 7.464654507375795278e-01 9.251466517159592229e-01
8.608131422626691398e-01 7.378041607662945145e-01 9.285587565920019326e-01
8.598841328343487245e-01 7.290952431401324096e-01 9.319349079551384474e-01
8.589106742072726286e-01 7.203383868213349972e-01 9.352726237426660649e-01
8.578906660386179661e-01 7.115333342952401274e-01 9.385692985918339115e-01
8.568219018412268628e-01 7.026798881238361938e-01 9.418222004326450847e-01
8.557020646773036976e-01 6.937779180658125711e-01 9.450284672297497579e-01
8.545287228282790748e-01 6.848273688001286219e-01 9.481851039135175130e-01
8.532993254674350325e-01 6.758282682906657790e-01 9.512889795448998820e-01
8.520111983664346855e-01 6.667807368296785331e-01 9.543368247635174439e-01
8.506615396723870015e-01 6.576849967972367983e-01 9.573252295734964168e-01
8.492474157977979443e-01 6.485413831727805389e-01 9.602506415268950990e-01
8.477657574724196676e-01 6.393503548328398622e-01 9.631093643700664453e-01
8.462133560132231169e-01 6.301125066659024609e-01 9.658975572239882901e-01
8.445868598766315127e-01 6.208285825310781991e-01 9.686112343752922849e-01
8.428827715659253927e-01 6.114994890812396333e-01 9.712462657604843397e-01
8.410974449760915128e-01 6.021263104635905528e-01 9.737983782314137970e-01
8.392270832686157256e-01 5.927103239006145108e-01 9.762631576954378110e-01
8.372677373796173494e-01 5.832530161417849301e-01 9.786360522286581265e-01
8.352153052762132379e-01 5.737561007608190655e-01 9.809123762649888389e-01
8.330655320881951154e-01 5.642215362541016521e-01 9.830873159673949591e-01
8.308140112545041589e-01 5.546515448727143971e-01 9.851559358902072239e-01
8.284561868368977011e-01 5.450486320926003492e-01 9.871131870426703703e-01
8.259873571658700175e-01 5.354156065942436982e-01 9.889539164636055313e-01
8.234026799963877208e-01 5.257556005841130808e-01 9.906728784148722822e-01
8.206971793627521050e-01 5.160720902443721725e-01 9.922647472969261528e-01
8.178657543324697743e-01 5.063689160443309856e-01 9.937241323828697181e-01
8.149031898678217312e-01 4.966503025861902509e-01 9.950455944576072076e-01
8.118041700102555103e-01 4.869208775882855056e-01 9.962236644358378745e-01
8.085632936059315989e-01 4.771856895309128377e-01 9.972528640162869884e-01
8.051750927899556931e-01 4.674502234027593239e-01 9.981277284097299640e-01
8.016340544410393010e-01 4.577204138901697084e-01 9.988428311548412930e-01
7.979346448066559905e-01 4.480026552474542512e-01 9.993928110087939576e-01
7.940713374800461022e-01 4.383038069755275101e-01 9.997724008690966890e-01
7.900386448839035181e-01 4.286311943199722085e-01 9.999764586498349761e-01
7.858311533803240545e-01 4.189926024810186611e-01 1.000000000000000000e+00
7.814435620819523143e-01 4.093962633104737958e-01 9.998382327150255877e-01
7.768707253850349881e-01 3.998508331591654752e-01 9.994865926563801795e-01
7.721076991814014301e-01 3.903653604388688247e-01 9.989407809599362142e-01
7.671497906341061546e-01 3.809492413821032319e-01 9.981968022841334331e-01
7.619926113221245911e-01 3.716121624297467618e-01 9.972510038263820986e-01
7.566321334760308659e-01 3.623640276587211106e-01 9.961001148241129810e-01
7.510647489425469336e-01 3.532148696889264028e-01 9.947412862591489269e-01
7.452873304371891994e-01 3.441747425873645239e-01 9.931721305052879645e-01
7.392972945776997706e-01 3.352535954229611259e-01 9.913907607044392112e-01
7.330926661463506022e-01 3.264611253171333383e-01 9.893958297328036000e-01
7.266721430183643582e-01 3.178066090735327531e-01 9.871865687333868378e-01
7.200351612322273276e-01 3.092987127328383767e-01 9.847628253549998156e-01
7.131819597858779503e-01 3.009452786420904746e-01 9.821251020650580976e-01
7.061136449481208999e-01 2.927530897801677301e-01 9.792745952152045463e-01
6.988322542164903117e-01 2.847276110242370484e-01 9.762132359675065318e-01
6.913408205905222648e-01 2.768727065908843099e-01 9.729437347884914988e-01
6.836434386593326362e-01 2.691903317437839838e-01 9.694696320799949252e-01
6.757453352909211786e-01 2.616801945403657292e-01 9.657953588033995063e-01
6.676529497645626865e-01 2.543393790497007201e-01 9.619263129742341434e-01
6.593938868681676890e-01 2.471259328704029368e-01 9.578878244271198383e-01
6.510513254171950148e-01 2.418811247638195105e-01 9.499812619182415041e-01
6.426203509023967753e-01 2.391742454438867127e-01 9.372766377757044687e-01
6.341658484152135067e-01 2.364313285127000175e-01 9.245475794760100730e-01
6.256873201505753768e-01 2.336518641146406172e-01 9.117935851912075673e-01
6.171842495118993188e-01 2.308353206659447543e-01 8.990141344863329387e-01
6.086561000807868549e-01 2.279811436218883991e-01 8.862086873268893994e-01
6.001023145119731561e-01 2.250887541449070883e-01 8.733766830165171635e-01
5.915223133466955829e-01 2.221575476635990753e-01 8.605175390587075368e-01
5.829154937369556144e-01 2.191868923112312850e-01 8.476306499357839641e-01
5.742812280722899843e-01 2.161761272309349613e-01 8.347153857976196134e-01
5.656188624996825176e-01 2.131245607331189729e-01 8.217710910517435074e-01
5.569277153262152114e-01 2.100314682886314510e-01 8.087970828455630645e-01
5.482070752927875601e-01 2.068960903389766848e-01 7.957926494303638743e-01
5.394561997058378022e-01 2.037176299022658288e-01 7.827570483955604841e-01
5.306743124124161382e-01 2.004952499504664143e-01 7.696895047603108386e-01
5.218606016020971294e-01 1.972280705299566672e-01 7.565892089080678007e-01
5.130142174171365976e-01 1.939151655931032336e-01 7.434553143478610515e-01
5.041342693498374050e-01 1.905555595035868521e-01 7.302869352841108164e-01
4.952198234033114987e-01 1.871482231722305101e-01 7.170831439744277391e-01
4.862698989885695378e-01 1.836920697729721164e-01 7.038429678522263311e-01
4.772834655271320781e-01 1.801859499801449771e-01 6.905653863878845611e-01
4.682594387239676914e-01 1.766286466579675418e-01 6.772493276586626365e-01
4.591966764704722426e-01 1.730188689207749486e-01 6.638936645934699898e-01
4.500939743312128427e-01 1.693552454674751018e-01 6.504972108538031872e-01
4.409500605611029189e-01 1.656363170753340774e-01 6.370587163066175895e-01
4.317635905914147254e-01 1.618605281155028053e-01 6.235768620383909111e-01
4.225331409131326543e-01 1.580262169247789172e-01 6.100502548519926016e-01
4.132572022744934181e-01 1.541316048331222710e-01 5.964774211790132563e-01
4.039341720955438864e-01 1.501747836027076954e-01 5.828568003295956368e-01
3.945623459857734994e-01 1.461537009789453667e-01 5.691867369892399386e-01
3.851399082306491417e-01 1.420661439833795225e-01 5.554654728571352118e-01
3.756649210883898360e-01 1.379097194877582089e-01 5.416911373027084586e-01
3.661353127084790438e-01 1.336818314910650507e-01 5.278617368957591038e-01
3.565488634469275997e-01 1.293796543674383404e-01 5.139751436398343198e-01
3.469031903083574231e-01 1.250001011493367675e-01 5.000290817075000449e-01
3.371957291893614150e-01 1.205397856379294558e-01 4.860211124386011883e-01
3.274237145282665185e-01 1.159949767638675799e-01 4.719486173168919718e-01
3.175841558795070019e-01 1.113615431154910407e-01 4.578087785846265412e-01
3.076738108209640110e-01 1.066348848473782363e-01 4.435985570863440475e-01
2.976891534628689495e-01 1.018098491869527389e-01 4.293146668491001350e-01
2.876263376475407529e-01 9.688062432672470137e-02 4.149535458029319224e-01
2.774811536972455195e-01 9.184060439606277215e-02 4.005113219177001138e-01
2.672489772645996187e-01 8.668221507835935369e-02 3.859837738750050429e-01
2.569247084407904613e-01 8.139668465925051222e-02 3.713662852000712000e-01
2.465026987453586560e-01 7.597373780031502211e-02 3.566537905414206011e-01
2.359766629058646370e-01 7.040117725585080810e-02 3.418407124997999702e-01
2.253395713614379237e-01 6.466429864715983467e-02 3.269208870700670011e-01
2.145835180810479192e-01 5.874504869582498900e-02 3.118874753795958799e-01
2.036995564113018020e-01 5.262077478328559821e-02 2.967328590196111615e-01
1.926774930123086593e-01 4.626229531507373982e-02 2.814485159674482428e-01
1.815056261254523184e-01 3.963078257334363974e-02 2.660248741186374555e-01
1.701704088598165465e-01 3.268461461254903305e-02 2.504511403208410925e-01
1.586560099771976706e-01 2.596883435558568209e-02 2.347151057485114822e-01
1.469437323951949259e-01 1.975001716754327952e-02 2.188029363098044355e-01
1.350112312005914417e-01 1.405483611656981047e-02 2.026989762785807725e-01
1.228314454699225983e-01 8.912458204076692883e-03 1.863856411995185036e-01
1.103711188666870735e-01 4.354963999672005655e-03 1.698435959872078849e-01
